0 0 -0 0 0 0
0 0 0.1 0 0 0
0 0 0.85 0 0 0
0 0 0.013495 0 0 0
0 0 0.025152 0 0 0
0 0 0.038647 0 0 0
0 0 -0.00481483 0 0 0
0 0 0.1 0 0 0
0 0 0.9775 0 0 0
0 0 0.02699 0 0 0
0 0 0.050304 0 0 0
0 0 0.077294 0 0 0
0 0 -0.00892851 0 0 0
0 0 0.1 0 0 0
0 0 0.996625 0 0 0
0 0 0.040485 0 0 0
0 0 0.075456 0 0 0
0 0 0.115941 0 0 0
0 0 -0.0123411 0 0 0
0 0 0.1 0 0 0
0 0 0.999494 0 0 0
0 0 0.05398 0 0 0
0 0 0.100608 0 0 0
0 0 0.154588 0 0 0
0 0 -0.0150525 0 0 0
0 0 0.1 0 0 0
0 0 0.999924 0 0 0
0 0 0.067475 0 0 0
0 0 0.12576 0 0 0
0 0 0.193235 0 0 0
0 0 -0.0170629 0 0 0
0 0 0.1 0 0 0
0 0 0.999989 0 0 0
0 0 0.08097 0 0 0
0 0 0.150912 0 0 0
0 0 0.231882 0 0 0
0 0 -0.0183724 0 0 0
0 0 0.1 0 0 0
0 0 0.999998 0 0 0
0 0 0.094465 0 0 0
0 0 0.176064 0 0 0
0 0 0.270529 0 0 0
0 0 -0.0189808 0 0 0
0 0 0.1 0 0 0
0 0 1 0 0 0
0 0 0.10796 0 0 0
0 0 0.201216 0 0 0
0 0 0.309176 0 0 0
0 0 -0.0188883 0 0 0
0 0 0.1 0 0 0
0 0 1 0 0 0
0 0 0.121455 0 0 0
0 0 0.226368 0 0 0
0 0 0.347823 0 0 0
0 0 -0.0180949 0 0 0
0 0 0.1 0 0 0
0 0 1 0 0 0
0 0 0.13495 0 0 0
0 0 0.25152 0 0 0
0 0 0.38647 0 0 0
0 0 -0.0166006 0 0 0
0 0 0.1 0 0 0
0 0 1 0 0 0
0 0 0.148445 0 0 0
0 0 0.276672 0 0 0
0 0 0.425117 0 0 0
0 0 -0.0144054 0 0 0
0 0 0.1 0 0 0
0 0 1 0 0 0
0 0 0.16194 0 0 0
0 0 0.301824 0 0 0
0 0 0.463764 0 0 0
0 0 -0.0115092 0 0 0
0 0 0.1 0 0 0
0 0 1 0 0 0
0 0 0.175435 0 0 0
0 0 0.326976 0 0 0
0 0 0.502411 0 0 0
0 0 -0.00791189 0 0 0
0 0 0.1 0 0 0
0 0 1 0 0 0
0 0 0.18893 0 0 0
0 0 0.352128 0 0 0
0 0 0.541058 0 0 0
0 0 -0.00361348 0 0 0
0 0 0.1 0 0 0
0 0 1 0 0 0
0 0 0.202425 0 0 0
0 0 0.37728 0 0 0
0 0 0.579705 0 0 0
0 0 0.00138624 0 0 0
0 0 0.1 0 0 0
0 0 1 0 0 0
0 0 0.21592 0 0 0
0 0 0.402432 0 0 0
0 0 0.618352 0 0 0
0 0 0.00708743 0 0 0
0 0 0.1 0 0 0
0 0 1 0 0 0
0 0 0.229415 0 0 0
0 0 0.427584 0 0 0
0 0 0.656999 0 0 0
0 0 0.0134903 0 0 0
0 0 0.1 0 0 0
0 0 1 0 0 0
0 0 0.24291 0 0 0
0 0 0.452736 0 0 0
0 0 0.695646 0 0 0
0 0 0.0205952 0 0 0
0 0 0.1 0 0 0
0 0 1 0 0 0
0 0 0.256405 0 0 0
0 0 0.477888 0 0 0
0 0 0.734293 0 0 0
0 0 0.0284024 0 0 0
0 0 0.1 0 0 0
0 0 1 0 0 0
0 0 0.2699 0 0 0
0 0 0.50304 0 0 0
0 0 0.77294 0 0 0
0 0 0.0369124 0 0 0
0 0 0.1 0 0 0
0 0 1 0 0 0
0 0 0.283395 0 0 0
0 0 0.528192 0 0 0
0 0 0.811587 0 0 0
0 0 0.0461255 0 0 0
0 0 0.1 0 0 0
0 0 1 0 0 0
0 0 0.29689 0 0 0
0 0 0.553344 0 0 0
0 0 0.850234 0 0 0
0 0 0.0560423 0 0 0
0 0 0.1 0 0 0
0 0 1 0 0 0
0 0 0.310385 0 0 0
0 0 0.578496 0 0 0
0 0 0.888881 0 0 0
0 0 0.0666633 0 0 0
0 0 0.1 0 0 0
0 0 1 0 0 0
0 0 0.32388 0 0 0
0 0 0.603648 0 0 0
0 0 0.927528 0 0 0
0 0 0.0779893 0 0 0
0 0 0.1 0 0 0
0 0 1 0 0 0
0 0 0.337375 0 0 0
0 0 0.6288 0 0 0
0 0 0.966175 0 0 0
0 0 0.0900209 0 0 0
0 0 0.1 0 0 0
0 0 1 0 0 0
0 0 0.35087 0 0 0
0 0 0.653952 0 0 0
0 0 1 0 0 0
0 0 0.102671 0 0 0
0 0 0.1 0 0 0
0 0 -0.7 0 0 0
0 0 0.337375 0 0 0
0 0 0.6288 0 0 0
0 0 -0.291425 0 0 0
0 0 0.091866 0 0 0
0 0 0.1 0 0 0
0 0 0.745 0 0 0
0 0 0.35087 0 0 0
0 0 0.603648 0 0 0
0 0 0.954518 0 0 0
0 0 0.103696 0 0 0
0 0 0.1 0 0 0
0 0 -0.73825 0 0 0
0 0 0.337375 0 0 0
0 0 0.578496 0 0 0
0 0 -0.241121 0 0 0
0 0 0.0938024 0 0 0
0 0 0.1 0 0 0
0 0 0.739262 0 0 0
0 0 0.35087 0 0 0
0 0 0.553344 0 0 0
0 0 0.904214 0 0 0
0 0 0.104723 0 0 0
0 0 0.1 0 0 0
0 0 -0.739111 0 0 0
0 0 0.337375 0 0 0
0 0 0.528192 0 0 0
0 0 -0.190817 0 0 0
0 0 0.0957426 0 0 0
0 0 0.1 0 0 0
0 0 0.739133 0 0 0
0 0 0.35087 0 0 0
0 0 0.50304 0 0 0
0 0 0.85391 0 0 0
0 0 0.105754 0 0 0
0 0 0.1 0 0 0
0 0 -0.73913 0 0 0
0 0 0.337375 0 0 0
0 0 0.477888 0 0 0
0 0 -0.140513 0 0 0
0 0 0.0976865 0 0 0
0 0 0.1 0 0 0
0 0 0.739131 0 0 0
0 0 0.35087 0 0 0
0 0 0.452736 0 0 0
0 0 0.803606 0 0 0
0 0 0.106788 0 0 0
0 0 0.1 0 0 0
0 0 -0.73913 0 0 0
0 0 0.337375 0 0 0
0 0 0.427584 0 0 0
0 0 -0.090209 0 0 0
0 0 0.0996342 0 0 0
0 0 0.1 0 0 0
0 0 0.73913 0 0 0
0 0 0.35087 0 0 0
0 0 0.402432 0 0 0
0 0 0.753302 0 0 0
0 0 0.107825 0 0 0
0 0 0.1 0 0 0
0 0 -0.73913 0 0 0
0 0 0.337375 0 0 0
0 0 0.37728 0 0 0
0 0 -0.039905 0 0 0
0 0 0.101586 0 0 0
0 0 0.1 0 0 0
0 0 -0.96087 0 0 0
0 0 0.32388 0 0 0
0 0 0.402432 0 0 0
0 0 -0.078552 0 0 0
0 0 0.0946412 0 0 0
0 0 0.1 0 0 0
0 0 0.70587 0 0 0
0 0 0.337375 0 0 0
0 0 0.37728 0 0 0
0 0 0.714655 0 0 0
0 0 0.102134 0 0 0
0 0 0.1 0 0 0
0 0 -0.74412 0 0 0
0 0 0.32388 0 0 0
0 0 0.352128 0 0 0
0 0 -0.028248 0 0 0
0 0 0.0961042 0 0 0
0 0 0.1 0 0 0
0 0 0.738382 0 0 0
0 0 0.337375 0 0 0
0 0 0.326976 0 0 0
0 0 0.664351 0 0 0
0 0 0.102685 0 0 0
0 0 0.1 0 0 0
0 0 -0.739243 0 0 0
0 0 0.32388 0 0 0
0 0 0.301824 0 0 0
0 0 0.022056 0 0 0
0 0 0.0975705 0 0 0
0 0 0.1 0 0 0
0 0 0.739114 0 0 0
0 0 0.337375 0 0 0
0 0 0.276672 0 0 0
0 0 0.614047 0 0 0
0 0 0.103239 0 0 0
0 0 0.1 0 0 0
0 0 -0.739133 0 0 0
0 0 0.32388 0 0 0
0 0 0.25152 0 0 0
0 0 0.07236 0 0 0
0 0 0.0990402 0 0 0
0 0 0.1 0 0 0
0 0 0.73913 0 0 0
0 0 0.337375 0 0 0
0 0 0.226368 0 0 0
0 0 0.563743 0 0 0
0 0 0.103795 0 0 0
0 0 0.1 0 0 0
0 0 -0.73913 0 0 0
0 0 0.32388 0 0 0
0 0 0.201216 0 0 0
0 0 0.122664 0 0 0
0 0 0.100513 0 0 0
0 0 0.1 0 0 0
0 0 -0.96087 0 0 0
0 0 0.310385 0 0 0
0 0 0.226368 0 0 0
0 0 0.084017 0 0 0
0 0 0.096526 0 0 0
0 0 0.1 0 0 0
0 0 0.70587 0 0 0
0 0 0.32388 0 0 0
0 0 0.201216 0 0 0
0 0 0.525096 0 0 0
0 0 0.10058 0 0 0
0 0 0.1 0 0 0
0 0 -0.74412 0 0 0
0 0 0.310385 0 0 0
0 0 0.176064 0 0 0
0 0 0.134321 0 0 0
0 0 0.0975099 0 0 0
0 0 0.1 0 0 0
0 0 0.738382 0 0 0
0 0 0.32388 0 0 0
0 0 0.150912 0 0 0
0 0 0.474792 0 0 0
0 0 0.100649 0 0 0
0 0 0.1 0 0 0
0 0 -0.739243 0 0 0
0 0 0.310385 0 0 0
0 0 0.12576 0 0 0
0 0 0.184625 0 0 0
0 0 0.0984967 0 0 0
0 0 0.1 0 0 0
0 0 0.739114 0 0 0
0 0 0.32388 0 0 0
0 0 0.100608 0 0 0
0 0 0.424488 0 0 0
0 0 0.100721 0 0 0
0 0 0.1 0 0 0
0 0 -0.739133 0 0 0
0 0 0.310385 0 0 0
0 0 0.075456 0 0 0
0 0 0.234929 0 0 0
0 0 0.0994864 0 0 0
0 0 0.1 0 0 0
0 0 0.73913 0 0 0
0 0 0.32388 0 0 0
0 0 0.050304 0 0 0
0 0 0.374184 0 0 0
0 0 0.100794 0 0 0
0 0 0.1 0 0 0
0 0 -0.73913 0 0 0
0 0 0.310385 0 0 0
0 0 0.025152 0 0 0
0 0 0.285233 0 0 0
0 0 0.100479 0 0 0
0 0 0.1 0 0 0
0 0 -0.96087 0 0 0
0 0 0.29689 0 0 0
0 0 0.050304 0 0 0
0 0 0.246586 0 0 0
0 0 0.0994583 0 0 0
0 0 0.1 0 0 0
0 0 0.70587 0 0 0
0 0 0.310385 0 0 0
0 0 0.025152 0 0 0
0 0 0.335537 0 0 0
0 0 0.100062 0 0 0
0 0 0.1 0 0 0
0 0 -0.74412 0 0 0
0 0 0.29689 0 0 0
0 0 0 0 0 0
0 0 0.29689 0 0 0
0 0 0.0999614 0 0 0
0 0 0.1 0 0 0
0 0 0.738382 0 0 0
0 0 0.310385 0 0 0
0 0 0 0 0 0
0 0 0.310385 0 0 0
0 0 0.100107 0 0 0
0 0 0.1 0 0 0
0 0 -0.739243 0 0 0
0 0 0.29689 0 0 0
0 0 0 0 0 0
0 0 0.29689 0 0 0
0 0 0.100007 0 0 0
0 0 0.1 0 0 0
0 0 -0.960886 0 0 0
0 0 0.283395 0 0 0
0 0 0.025152 0 0 0
0 0 0.258243 0 0 0
0 0 0.0992011 0 0 0
0 0 0.1 0 0 0
0 0 0.705867 0 0 0
0 0 0.29689 0 0 0
0 0 0 0 0 0
0 0 0.29689 0 0 0
0 0 0.0991017 0 0 0
0 0 0.1 0 0 0
0 0 0.95588 0 0 0
0 0 0.310385 0 0 0
0 0 0.025152 0 0 0
0 0 0.335537 0 0 0
0 0 0.0997094 0 0 0
0 0 0.1 0 0 0
0 0 0.993382 0 0 0
0 0 0.32388 0 0 0
0 0 0.050304 0 0 0
0 0 0.374184 0 0 0
0 0 0.101025 0 0 0
0 0 0.1 0 0 0
0 0 -0.700993 0 0 0
0 0 0.310385 0 0 0
0 0 0.025152 0 0 0
0 0 0.285233 0 0 0
0 0 0.100714 0 0 0
0 0 0.1 0 0 0
0 0 -0.955149 0 0 0
0 0 0.29689 0 0 0
0 0 0.050304 0 0 0
0 0 0.246586 0 0 0
0 0 0.0996961 0 0 0
0 0 0.1 0 0 0
0 0 0.706728 0 0 0
0 0 0.310385 0 0 0
0 0 0.025152 0 0 0
0 0 0.335537 0 0 0
0 0 0.100306 0 0 0
0 0 0.1 0 0 0
0 0 -0.743991 0 0 0
0 0 0.29689 0 0 0
0 0 0 0 0 0
0 0 0.29689 0 0 0
0 0 0.10021 0 0 0
0 0 0.1 0 0 0
0 0 -0.961599 0 0 0
0 0 0.283395 0 0 0
0 0 0.025152 0 0 0
0 0 0.258243 0 0 0
0 0 0.0994062 0 0 0
0 0 0.1 0 0 0
0 0 0.70576 0 0 0
0 0 0.29689 0 0 0
0 0 0 0 0 0
0 0 0.29689 0 0 0
0 0 0.0993104 0 0 0
0 0 0.1 0 0 0
0 0 0.955864 0 0 0
0 0 0.310385 0 0 0
0 0 0.025152 0 0 0
0 0 0.335537 0 0 0
0 0 0.0999228 0 0 0
0 0 0.1 0 0 0
0 0 0.99338 0 0 0
0 0 0.32388 0 0 0
0 0 0.050304 0 0 0
0 0 0.374184 0 0 0
0 0 0.101244 0 0 0
0 0 0.1 0 0 0
0 0 -0.700993 0 0 0
0 0 0.310385 0 0 0
0 0 0.025152 0 0 0
0 0 0.285233 0 0 0
0 0 0.100936 0 0 0
0 0 0.1 0 0 0
0 0 -0.955149 0 0 0
0 0 0.29689 0 0 0
0 0 0.050304 0 0 0
0 0 0.246586 0 0 0
0 0 0.0999203 0 0 0
0 0 0.1 0 0 0
0 0 0.706728 0 0 0
0 0 0.310385 0 0 0
0 0 0.025152 0 0 0
0 0 0.335537 0 0 0
0 0 0.100535 0 0 0
0 0 0.1 0 0 0
0 0 -0.743991 0 0 0
0 0 0.29689 0 0 0
0 0 0 0 0 0
0 0 0.29689 0 0 0
0 0 0.100442 0 0 0
0 0 0.1 0 0 0
0 0 -0.961599 0 0 0
0 0 0.283395 0 0 0
0 0 0.025152 0 0 0
0 0 0.258243 0 0 0
0 0 0.0996405 0 0 0
0 0 0.1 0 0 0
0 0 0.70576 0 0 0
0 0 0.29689 0 0 0
0 0 0 0 0 0
0 0 0.29689 0 0 0
0 0 0.099548 0 0 0
0 0 0.1 0 0 0
0 0 0.955864 0 0 0
0 0 0.310385 0 0 0
0 0 0.025152 0 0 0
0 0 0.335537 0 0 0
0 0 0.100165 0 0 0
0 0 0.1 0 0 0
0 0 -0.70662 0 0 0
0 0 0.29689 0 0 0
0 0 0 0 0 0
0 0 0.29689 0 0 0
0 0 0.100073 0 0 0
0 0 0.1 0 0 0
0 0 -0.955993 0 0 0
0 0 0.283395 0 0 0
0 0 0.025152 0 0 0
0 0 0.258243 0 0 0
0 0 0.0992725 0 0 0
0 0 0.1 0 0 0
0 0 0.706601 0 0 0
0 0 0.29689 0 0 0
0 0 0 0 0 0
0 0 0.29689 0 0 0
0 0 0.0991814 0 0 0
0 0 0.1 0 0 0
0 0 0.95599 0 0 0
0 0 0.310385 0 0 0
0 0 0.025152 0 0 0
0 0 0.335537 0 0 0
0 0 0.0998002 0 0 0
0 0 0.1 0 0 0
0 0 0.993399 0 0 0
0 0 0.32388 0 0 0
0 0 0.050304 0 0 0
0 0 0.374184 0 0 0
0 0 0.101129 0 0 0
0 0 0.1 0 0 0
0 0 -0.70099 0 0 0
0 0 0.310385 0 0 0
0 0 0.025152 0 0 0
0 0 0.285233 0 0 0
0 0 0.100825 0 0 0
0 0 0.1 0 0 0
0 0 -0.955149 0 0 0
0 0 0.29689 0 0 0
0 0 0.050304 0 0 0
0 0 0.246586 0 0 0
0 0 0.099812 0 0 0
0 0 0.1 0 0 0
0 0 0.706728 0 0 0
0 0 0.310385 0 0 0
0 0 0.025152 0 0 0
0 0 0.335537 0 0 0
0 0 0.100433 0 0 0
0 0 0.1 0 0 0
0 0 -0.743991 0 0 0
0 0 0.29689 0 0 0
0 0 0 0 0 0
0 0 0.29689 0 0 0
0 0 0.100344 0 0 0
0 0 0.1 0 0 0
0 0 -0.961599 0 0 0
0 0 0.283395 0 0 0
0 0 0.025152 0 0 0
0 0 0.258243 0 0 0
0 0 0.0995452 0 0 0
0 0 0.1 0 0 0
0 0 0.70576 0 0 0
0 0 0.29689 0 0 0
0 0 0 0 0 0
0 0 0.29689 0 0 0
0 0 0.0994569 0 0 0
0 0 0.1 0 0 0
0 0 0.955864 0 0 0
0 0 0.310385 0 0 0
0 0 0.025152 0 0 0
0 0 0.335537 0 0 0
0 0 0.10008 0 0 0
0 0 0.1 0 0 0
0 0 -0.70662 0 0 0
0 0 0.29689 0 0 0
0 0 0 0 0 0
0 0 0.29689 0 0 0
0 0 0.099992 0 0 0
0 0 0.1 0 0 0
0 0 0.744007 0 0 0
0 0 0.310385 0 0 0
0 0 0 0 0 0
0 0 0.310385 0 0 0
0 0 0.100153 0 0 0
0 0 0.1 0 0 0
0 0 -0.738399 0 0 0
0 0 0.29689 0 0 0
0 0 0 0 0 0
0 0 0.29689 0 0 0
0 0 0.100066 0 0 0
0 0 0.1 0 0 0
0 0 -0.96076 0 0 0
0 0 0.283395 0 0 0
0 0 0.025152 0 0 0
0 0 0.258243 0 0 0
0 0 0.0992681 0 0 0
0 0 0.1 0 0 0
0 0 0.705886 0 0 0
0 0 0.29689 0 0 0
0 0 0 0 0 0
0 0 0.29689 0 0 0
0 0 0.0991816 0 0 0
0 0 0.1 0 0 0
0 0 0.955883 0 0 0
0 0 0.310385 0 0 0
0 0 0.025152 0 0 0
0 0 0.335537 0 0 0
0 0 0.0998069 0 0 0
0 0 0.1 0 0 0
0 0 0.993382 0 0 0
0 0 0.32388 0 0 0
0 0 0.050304 0 0 0
0 0 0.374184 0 0 0
0 0 0.101145 0 0 0
0 0 0.1 0 0 0
0 0 -0.700993 0 0 0
0 0 0.310385 0 0 0
0 0 0.025152 0 0 0
0 0 0.285233 0 0 0
0 0 0.100845 0 0 0
0 0 0.1 0 0 0
0 0 -0.955149 0 0 0
0 0 0.29689 0 0 0
0 0 0.050304 0 0 0
0 0 0.246586 0 0 0
0 0 0.0998327 0 0 0
0 0 0.1 0 0 0
0 0 0.706728 0 0 0
0 0 0.310385 0 0 0
0 0 0.025152 0 0 0
0 0 0.335537 0 0 0
0 0 0.10046 0 0 0
0 0 0.1 0 0 0
0 0 -0.743991 0 0 0
0 0 0.29689 0 0 0
0 0 0 0 0 0
0 0 0.29689 0 0 0
0 0 0.100375 0 0 0
0 0 0.1 0 0 0
0 0 -0.961599 0 0 0
0 0 0.283395 0 0 0
0 0 0.025152 0 0 0
0 0 0.258243 0 0 0
0 0 0.0995784 0 0 0
0 0 0.1 0 0 0
0 0 0.70576 0 0 0
0 0 0.29689 0 0 0
0 0 0 0 0 0
0 0 0.29689 0 0 0
0 0 0.0994941 0 0 0
0 0 0.1 0 0 0
0 0 0.955864 0 0 0
0 0 0.310385 0 0 0
0 0 0.025152 0 0 0
0 0 0.335537 0 0 0
0 0 0.100123 0 0 0
0 0 0.1 0 0 0
0 0 -0.70662 0 0 0
0 0 0.29689 0 0 0
0 0 0 0 0 0
0 0 0.29689 0 0 0
0 0 0.100039 0 0 0
0 0 0.1 0 0 0
0 0 -0.955993 0 0 0
0 0 0.283395 0 0 0
0 0 0.025152 0 0 0
0 0 0.258243 0 0 0
0 0 0.0992425 0 0 0
0 0 0.1 0 0 0
0 0 0.706601 0 0 0
0 0 0.29689 0 0 0
0 0 0 0 0 0
0 0 0.29689 0 0 0
0 0 0.0991591 0 0 0
0 0 0.1 0 0 0
0 0 0.95599 0 0 0
0 0 0.310385 0 0 0
0 0 0.025152 0 0 0
0 0 0.335537 0 0 0
0 0 0.0997893 0 0 0
0 0 0.1 0 0 0
0 0 0.993399 0 0 0
0 0 0.32388 0 0 0
0 0 0.050304 0 0 0
0 0 0.374184 0 0 0
0 0 0.101134 0 0 0
0 0 0.1 0 0 0
0 0 -0.70099 0 0 0
0 0 0.310385 0 0 0
0 0 0.025152 0 0 0
0 0 0.285233 0 0 0
0 0 0.100836 0 0 0
0 0 0.1 0 0 0
0 0 -0.955149 0 0 0
0 0 0.29689 0 0 0
0 0 0.050304 0 0 0
0 0 0.246586 0 0 0
0 0 0.0998246 0 0 0
0 0 0.1 0 0 0
0 0 0.706728 0 0 0
0 0 0.310385 0 0 0
0 0 0.025152 0 0 0
0 0 0.335537 0 0 0
0 0 0.100456 0 0 0
0 0 0.1 0 0 0
0 0 -0.743991 0 0 0
0 0 0.29689 0 0 0
0 0 0 0 0 0
0 0 0.29689 0 0 0
0 0 0.100374 0 0 0
0 0 0.1 0 0 0
0 0 -0.961599 0 0 0
0 0 0.283395 0 0 0
0 0 0.025152 0 0 0
0 0 0.258243 0 0 0
0 0 0.0995784 0 0 0
0 0 0.1 0 0 0
0 0 0.70576 0 0 0
0 0 0.29689 0 0 0
0 0 0 0 0 0
0 0 0.29689 0 0 0
0 0 0.0994967 0 0 0
0 0 0.1 0 0 0
0 0 0.955864 0 0 0
0 0 0.310385 0 0 0
0 0 0.025152 0 0 0
0 0 0.335537 0 0 0
0 0 0.10013 0 0 0
0 0 0.1 0 0 0
0 0 -0.70662 0 0 0
0 0 0.29689 0 0 0
0 0 0 0 0 0
0 0 0.29689 0 0 0
0 0 0.100049 0 0 0
0 0 0.1 0 0 0
0 0 -0.955993 0 0 0
0 0 0.283395 0 0 0
0 0 0.025152 0 0 0
0 0 0.258243 0 0 0
0 0 0.0992526 0 0 0
0 0 0.1 0 0 0
0 0 0.706601 0 0 0
0 0 0.29689 0 0 0
0 0 0 0 0 0
0 0 0.29689 0 0 0
0 0 0.0991715 0 0 0
0 0 0.1 0 0 0
0 0 0.95599 0 0 0
0 0 0.310385 0 0 0
0 0 0.025152 0 0 0
0 0 0.335537 0 0 0
0 0 0.0998058 0 0 0
0 0 0.1 0 0 0
0 0 0.993399 0 0 0
0 0 0.32388 0 0 0
0 0 0.050304 0 0 0
0 0 0.374184 0 0 0
0 0 0.101156 0 0 0
0 0 0.1 0 0 0
0 0 -0.70099 0 0 0
0 0 0.310385 0 0 0
0 0 0.025152 0 0 0
0 0 0.285233 0 0 0
0 0 0.10086 0 0 0
0 0 0.1 0 0 0
0 0 -0.955149 0 0 0
0 0 0.29689 0 0 0
0 0 0.050304 0 0 0
0 0 0.246586 0 0 0
0 0 0.0998482 0 0 0
0 0 0.1 0 0 0
0 0 0.706728 0 0 0
0 0 0.310385 0 0 0
0 0 0.025152 0 0 0
0 0 0.335537 0 0 0
0 0 0.100484 0 0 0
0 0 0.1 0 0 0
0 0 -0.743991 0 0 0
0 0 0.29689 0 0 0
0 0 0 0 0 0
0 0 0.29689 0 0 0
0 0 0.100404 0 0 0
0 0 0.1 0 0 0
0 0 -0.961599 0 0 0
0 0 0.283395 0 0 0
0 0 0.025152 0 0 0
0 0 0.258243 0 0 0
0 0 0.0996079 0 0 0
0 0 0.1 0 0 0
0 0 0.70576 0 0 0
0 0 0.29689 0 0 0
0 0 0 0 0 0
0 0 0.29689 0 0 0
0 0 0.099528 0 0 0
0 0 0.1 0 0 0
0 0 0.955864 0 0 0
0 0 0.310385 0 0 0
0 0 0.025152 0 0 0
0 0 0.335537 0 0 0
0 0 0.100165 0 0 0
0 0 0.1 0 0 0
0 0 -0.70662 0 0 0
0 0 0.29689 0 0 0
0 0 0 0 0 0
0 0 0.29689 0 0 0
0 0 0.100085 0 0 0
0 0 0.1 0 0 0
0 0 -0.955993 0 0 0
0 0 0.283395 0 0 0
0 0 0.025152 0 0 0
0 0 0.258243 0 0 0
0 0 0.0992888 0 0 0
0 0 0.1 0 0 0
0 0 0.706601 0 0 0
0 0 0.29689 0 0 0
0 0 0 0 0 0
0 0 0.29689 0 0 0
0 0 0.0992093 0 0 0
0 0 0.1 0 0 0
0 0 0.95599 0 0 0
0 0 0.310385 0 0 0
0 0 0.025152 0 0 0
0 0 0.335537 0 0 0
0 0 0.099847 0 0 0
0 0 0.1 0 0 0
0 0 0.993399 0 0 0
0 0 0.32388 0 0 0
0 0 0.050304 0 0 0
0 0 0.374184 0 0 0
0 0 0.101202 0 0 0
0 0 0.1 0 0 0
0 0 -0.70099 0 0 0
0 0 0.310385 0 0 0
0 0 0.025152 0 0 0
0 0 0.285233 0 0 0
0 0 0.100907 0 0 0
0 0 0.1 0 0 0
0 0 -0.955149 0 0 0
0 0 0.29689 0 0 0
0 0 0.050304 0 0 0
0 0 0.246586 0 0 0
0 0 0.0998941 0 0 0
0 0 0.1 0 0 0
0 0 0.706728 0 0 0
0 0 0.310385 0 0 0
0 0 0.025152 0 0 0
0 0 0.335537 0 0 0
0 0 0.100533 0 0 0
0 0 0.1 0 0 0
0 0 -0.743991 0 0 0
0 0 0.29689 0 0 0
0 0 0 0 0 0
0 0 0.29689 0 0 0
0 0 0.100454 0 0 0
0 0 0.1 0 0 0
0 0 -0.961599 0 0 0
0 0 0.283395 0 0 0
0 0 0.025152 0 0 0
0 0 0.258243 0 0 0
0 0 0.0996571 0 0 0
0 0 0.1 0 0 0
0 0 0.70576 0 0 0
0 0 0.29689 0 0 0
0 0 0 0 0 0
0 0 0.29689 0 0 0
0 0 0.0995782 0 0 0
0 0 0.1 0 0 0
0 0 0.955864 0 0 0
0 0 0.310385 0 0 0
0 0 0.025152 0 0 0
0 0 0.335537 0 0 0
0 0 0.100218 0 0 0
0 0 0.1 0 0 0
0 0 -0.70662 0 0 0
0 0 0.29689 0 0 0
0 0 0 0 0 0
0 0 0.29689 0 0 0
0 0 0.100139 0 0 0
0 0 0.1 0 0 0
0 0 -0.955993 0 0 0
0 0 0.283395 0 0 0
0 0 0.025152 0 0 0
0 0 0.258243 0 0 0
0 0 0.0993415 0 0 0
0 0 0.1 0 0 0
0 0 0.706601 0 0 0
0 0 0.29689 0 0 0
0 0 0 0 0 0
0 0 0.29689 0 0 0
0 0 0.0992626 0 0 0
0 0 0.1 0 0 0
0 0 0.95599 0 0 0
0 0 0.310385 0 0 0
0 0 0.025152 0 0 0
0 0 0.335537 0 0 0
0 0 0.0999028 0 0 0
0 0 0.1 0 0 0
0 0 0.993399 0 0 0
0 0 0.32388 0 0 0
0 0 0.050304 0 0 0
0 0 0.374184 0 0 0
0 0 0.101263 0 0 0
0 0 0.1 0 0 0
0 0 -0.70099 0 0 0
0 0 0.310385 0 0 0
0 0 0.025152 0 0 0
0 0 0.285233 0 0 0
0 0 0.100967 0 0 0
0 0 0.1 0 0 0
0 0 -0.955149 0 0 0
0 0 0.29689 0 0 0
0 0 0.050304 0 0 0
0 0 0.246586 0 0 0
0 0 0.0999521 0 0 0
0 0 0.1 0 0 0
0 0 0.706728 0 0 0
0 0 0.310385 0 0 0
0 0 0.025152 0 0 0
0 0 0.335537 0 0 0
0 0 0.100593 0 0 0
0 0 0.1 0 0 0
0 0 -0.743991 0 0 0
0 0 0.29689 0 0 0
0 0 0 0 0 0
0 0 0.29689 0 0 0
0 0 0.100515 0 0 0
0 0 0.1 0 0 0
0 0 -0.961599 0 0 0
0 0 0.283395 0 0 0
0 0 0.025152 0 0 0
0 0 0.258243 0 0 0
0 0 0.0997159 0 0 0
0 0 0.1 0 0 0
0 0 0.70576 0 0 0
0 0 0.29689 0 0 0
0 0 0 0 0 0
0 0 0.29689 0 0 0
0 0 0.0996371 0 0 0
0 0 0.1 0 0 0
0 0 0.955864 0 0 0
0 0 0.310385 0 0 0
0 0 0.025152 0 0 0
0 0 0.335537 0 0 0
0 0 0.100279 0 0 0
0 0 0.1 0 0 0
0 0 -0.70662 0 0 0
0 0 0.29689 0 0 0
0 0 0 0 0 0
0 0 0.29689 0 0 0
0 0 0.1002 0 0 0
0 0 0.1 0 0 0
0 0 -0.955993 0 0 0
0 0 0.283395 0 0 0
0 0 0.025152 0 0 0
0 0 0.258243 0 0 0
0 0 0.0994004 0 0 0
0 0 0.1 0 0 0
0 0 0.706601 0 0 0
0 0 0.29689 0 0 0
0 0 0 0 0 0
0 0 0.29689 0 0 0
0 0 0.0993213 0 0 0
0 0 0.1 0 0 0
0 0 0.95599 0 0 0
0 0 0.310385 0 0 0
0 0 0.025152 0 0 0
0 0 0.335537 0 0 0
0 0 0.0999632 0 0 0
0 0 0.1 0 0 0
0 0 0.993399 0 0 0
0 0 0.32388 0 0 0
0 0 0.050304 0 0 0
0 0 0.374184 0 0 0
0 0 0.101326 0 0 0
0 0 0.1 0 0 0
0 0 -0.70099 0 0 0
0 0 0.310385 0 0 0
0 0 0.025152 0 0 0
0 0 0.285233 0 0 0
0 0 0.10103 0 0 0
0 0 0.1 0 0 0
0 0 -0.955149 0 0 0
0 0 0.29689 0 0 0
0 0 0.050304 0 0 0
0 0 0.246586 0 0 0
0 0 0.100012 0 0 0
0 0 0.1 0 0 0
0 0 -0.993272 0 0 0
0 0 0.283395 0 0 0
0 0 0.075456 0 0 0
0 0 0.207939 0 0 0
0 0 0.098272 0 0 0
0 0 0.1 0 0 0
0 0 0.701009 0 0 0
0 0 0.29689 0 0 0
0 0 0.050304 0 0 0
0 0 0.347194 0 0 0
0 0 0.0991317 0 0 0
0 0 0.1 0 0 0
0 0 0.955151 0 0 0
0 0 0.310385 0 0 0
0 0 0.075456 0 0 0
0 0 0.385841 0 0 0
0 0 0.100714 0 0 0
0 0 0.1 0 0 0
0 0 -0.706727 0 0 0
0 0 0.29689 0 0 0
0 0 0.050304 0 0 0
0 0 0.246586 0 0 0
0 0 0.0996944 0 0 0
0 0 0.1 0 0 0
0 0 0.743991 0 0 0
0 0 0.310385 0 0 0
0 0 0.025152 0 0 0
0 0 0.335537 0 0 0
0 0 0.100337 0 0 0
0 0 0.1 0 0 0
0 0 -0.738401 0 0 0
0 0 0.29689 0 0 0
0 0 0 0 0 0
0 0 0.29689 0 0 0
0 0 0.100257 0 0 0
0 0 0.1 0 0 0
0 0 -0.96076 0 0 0
0 0 0.283395 0 0 0
0 0 0.025152 0 0 0
0 0 0.258243 0 0 0
0 0 0.0994548 0 0 0
0 0 0.1 0 0 0
0 0 0.705886 0 0 0
0 0 0.29689 0 0 0
0 0 0 0 0 0
0 0 0.29689 0 0 0
0 0 0.0993747 0 0 0
0 0 0.1 0 0 0
0 0 0.955883 0 0 0
0 0 0.310385 0 0 0
0 0 0.025152 0 0 0
0 0 0.335537 0 0 0
0 0 0.100017 0 0 0
0 0 0.1 0 0 0
0 0 -0.706618 0 0 0
0 0 0.29689 0 0 0
0 0 0 0 0 0
0 0 0.29689 0 0 0
0 0 0.099937 0 0 0
0 0 0.1 0 0 0
0 0 0.744007 0 0 0
0 0 0.310385 0 0 0
0 0 0 0 0 0
0 0 0.310385 0 0 0
0 0 0.100109 0 0 0
0 0 0.1 0 0 0
0 0 -0.738399 0 0 0
0 0 0.29689 0 0 0
0 0 0 0 0 0
0 0 0.29689 0 0 0
0 0 0.100028 0 0 0
0 0 0.1 0 0 0
0 0 -0.96076 0 0 0
0 0 0.283395 0 0 0
0 0 0.025152 0 0 0
0 0 0.258243 0 0 0
0 0 0.0992243 0 0 0
0 0 0.1 0 0 0
0 0 0.705886 0 0 0
0 0 0.29689 0 0 0
0 0 0 0 0 0
0 0 0.29689 0 0 0
0 0 0.0991432 0 0 0
0 0 0.1 0 0 0
0 0 0.955883 0 0 0
0 0 0.310385 0 0 0
0 0 0.025152 0 0 0
0 0 0.335537 0 0 0
0 0 0.0997857 0 0 0
0 0 0.1 0 0 0
0 0 0.993382 0 0 0
0 0 0.32388 0 0 0
0 0 0.050304 0 0 0
0 0 0.374184 0 0 0
0 0 0.101152 0 0 0
0 0 0.1 0 0 0
0 0 -0.700993 0 0 0
0 0 0.310385 0 0 0
0 0 0.025152 0 0 0
0 0 0.285233 0 0 0
0 0 0.100853 0 0 0
0 0 0.1 0 0 0
0 0 -0.955149 0 0 0
0 0 0.29689 0 0 0
0 0 0.050304 0 0 0
0 0 0.246586 0 0 0
0 0 0.0998285 0 0 0
0 0 0.1 0 0 0
0 0 0.706728 0 0 0
0 0 0.310385 0 0 0
0 0 0.025152 0 0 0
0 0 0.335537 0 0 0
0 0 0.100471 0 0 0
0 0 0.1 0 0 0
0 0 -0.743991 0 0 0
0 0 0.29689 0 0 0
0 0 0 0 0 0
0 0 0.29689 0 0 0
0 0 0.100389 0 0 0
0 0 0.1 0 0 0
0 0 -0.961599 0 0 0
0 0 0.283395 0 0 0
0 0 0.025152 0 0 0
0 0 0.258243 0 0 0
0 0 0.0995822 0 0 0
0 0 0.1 0 0 0
0 0 0.70576 0 0 0
0 0 0.29689 0 0 0
0 0 0 0 0 0
0 0 0.29689 0 0 0
0 0 0.0994996 0 0 0
0 0 0.1 0 0 0
0 0 0.955864 0 0 0
0 0 0.310385 0 0 0
0 0 0.025152 0 0 0
0 0 0.335537 0 0 0
0 0 0.100142 0 0 0
0 0 0.1 0 0 0
0 0 -0.70662 0 0 0
0 0 0.29689 0 0 0
0 0 0 0 0 0
0 0 0.29689 0 0 0
0 0 0.100059 0 0 0
0 0 0.1 0 0 0
0 0 -0.955993 0 0 0
0 0 0.283395 0 0 0
0 0 0.025152 0 0 0
0 0 0.258243 0 0 0
0 0 0.0992505 0 0 0
0 0 0.1 0 0 0
0 0 0.706601 0 0 0
0 0 0.29689 0 0 0
0 0 0 0 0 0
0 0 0.29689 0 0 0
0 0 0.0991669 0 0 0
0 0 0.1 0 0 0
0 0 0.95599 0 0 0
0 0 0.310385 0 0 0
0 0 0.025152 0 0 0
0 0 0.335537 0 0 0
0 0 0.0998086 0 0 0
0 0 0.1 0 0 0
0 0 0.993399 0 0 0
0 0 0.32388 0 0 0
0 0 0.050304 0 0 0
0 0 0.374184 0 0 0
0 0 0.101176 0 0 0
0 0 0.1 0 0 0
0 0 -0.70099 0 0 0
0 0 0.310385 0 0 0
0 0 0.025152 0 0 0
0 0 0.285233 0 0 0
0 0 0.100873 0 0 0
0 0 0.1 0 0 0
0 0 -0.955149 0 0 0
0 0 0.29689 0 0 0
0 0 0.050304 0 0 0
0 0 0.246586 0 0 0
0 0 0.0998439 0 0 0
0 0 0.1 0 0 0
0 0 0.706728 0 0 0
0 0 0.310385 0 0 0
0 0 0.025152 0 0 0
0 0 0.335537 0 0 0
0 0 0.100485 0 0 0
0 0 0.1 0 0 0
0 0 -0.743991 0 0 0
0 0 0.29689 0 0 0
0 0 0 0 0 0
0 0 0.29689 0 0 0
0 0 0.1004 0 0 0
0 0 0.1 0 0 0
0 0 -0.961599 0 0 0
0 0 0.283395 0 0 0
0 0 0.025152 0 0 0
0 0 0.258243 0 0 0
0 0 0.0995886 0 0 0
0 0 0.1 0 0 0
0 0 0.70576 0 0 0
0 0 0.29689 0 0 0
0 0 0 0 0 0
0 0 0.29689 0 0 0
0 0 0.0995029 0 0 0
0 0 0.1 0 0 0
0 0 0.955864 0 0 0
0 0 0.310385 0 0 0
0 0 0.025152 0 0 0
0 0 0.335537 0 0 0
0 0 0.100144 0 0 0
0 0 0.1 0 0 0
0 0 -0.70662 0 0 0
0 0 0.29689 0 0 0
0 0 0 0 0 0
0 0 0.29689 0 0 0
0 0 0.100057 0 0 0
0 0 0.1 0 0 0
0 0 -0.955993 0 0 0
0 0 0.283395 0 0 0
0 0 0.025152 0 0 0
0 0 0.258243 0 0 0
0 0 0.0992437 0 0 0
0 0 0.1 0 0 0
0 0 0.706601 0 0 0
0 0 0.29689 0 0 0
0 0 0 0 0 0
0 0 0.29689 0 0 0
0 0 0.0991566 0 0 0
0 0 0.1 0 0 0
0 0 0.95599 0 0 0
0 0 0.310385 0 0 0
0 0 0.025152 0 0 0
0 0 0.335537 0 0 0
