0.000500
0.001000
0.001500
0.002000
0.002500
0.003000
0.003500
0.004000
0.004500
0.005000
0.005500
0.006000
0.006500
0.007000
0.007500
0.008000
0.008500
0.009000
0.009500
0.010000
0.010500
0.011000
0.011500
0.012000
0.012500
0.013000
0.013500
0.014000
0.014500
0.015000
0.015500
0.016000
0.016500
0.017000
0.017500
0.018000
0.018500
0.019000
0.019500
0.020000
0.020500
0.021000
0.021500
0.022000
0.022500
0.023000
0.023500
0.024000
0.024500
0.025000
0.025500
0.026000
0.026500
0.027000
0.027500
0.028000
0.028500
0.029000
0.029500
0.030000
0.030500
0.031000
0.031500
0.032000
0.032500
0.033000
0.033500
0.034000
0.034500
0.035000
0.035500
0.036000
0.036500
0.037000
0.037500
0.038000
0.038500
0.039000
0.039500
0.040000
0.040500
0.041000
0.041500
0.042000
0.042500
0.043000
0.043500
0.044000
0.044500
0.045000
0.045500
0.046000
0.046500
0.047000
0.047500
0.048000
0.048500
0.049000
0.049500
0.050000
0.050500
0.051000
0.051500
0.052000
0.052500
0.053000
0.053500
0.054000
0.054500
0.055000
0.055500
0.056000
0.056500
0.057000
0.057500
0.058000
0.058500
0.059000
0.059500
0.060000
0.060500
0.061000
0.061500
0.062000
0.062500
0.063000
0.063500
0.064000
0.064500
0.065000
0.065500
0.066000
0.066500
0.067000
0.067500
0.068000
0.068500
0.069000
0.069500
0.070000
0.070500
0.071000
0.071500
0.072000
0.072500
0.073000
0.073500
0.074000
0.074500
0.075000
0.075500
0.076000
0.076500
0.077000
0.077500
0.078000
0.078500
0.079000
0.079500
0.080000
0.080500
0.081000
0.081500
0.082000
0.082500
0.083000
0.083500
0.084000
0.084500
0.085000
0.085500
0.086000
0.086500
0.087000
0.087500
0.088000
0.088500
0.089000
0.089500
0.090000
0.090500
0.091000
0.091500
0.092000
0.092500
0.093000
0.093500
0.094000
0.094500
0.095000
0.095500
0.096000
0.096500
0.097000
0.097500
0.098000
0.098500
0.099000
0.099500
0.100000
0.100500
0.101000
0.101500
0.102000
0.102500
0.103000
0.103500
0.104000
0.104500
0.105000
0.105500
0.106000
0.106500
0.107000
0.107500
0.108000
0.108500
0.109000
0.109500
0.110000
0.110500
0.111000
0.111500
0.112000
0.112500
0.113000
0.113500
0.114000
0.114500
0.115000
0.115500
0.116000
0.116500
0.117000
0.117500
0.118000
0.118500
0.119000
0.119500
0.120000
0.120500
0.121000
0.121500
0.122000
0.122500
0.123000
0.123500
0.124000
0.124500
0.125000
0.125500
0.126000
0.126500
0.127000
0.127500
0.128000
0.128500
0.129000
0.129500
0.130000
0.130500
0.131000
0.131500
0.132000
0.132500
0.133000
0.133500
0.134000
0.134500
0.135000
0.135500
0.136000
0.136500
0.137000
0.137500
0.138000
0.138500
0.139000
0.139500
0.140000
0.140500
0.141000
0.141500
0.142000
0.142500
0.143000
0.143500
0.144000
0.144500
0.145000
0.145500
0.146000
0.146500
0.147000
0.147500
0.148000
0.148500
0.149000
0.149500
0.150000
0.150500
0.151000
0.151500
0.152000
0.152500
0.153000
0.153500
0.154000
0.154500
0.155000
0.155500
0.156000
0.156500
0.157000
0.157500
0.158000
0.158500
0.159000
0.159500
0.160000
0.160500
0.161000
0.161500
0.162000
0.162500
0.163000
0.163500
0.164000
0.164500
0.165000
0.165500
0.166000
0.166500
0.167000
0.167500
0.168000
0.168500
0.169000
0.169500
0.170000
0.170500
0.171000
0.171500
0.172000
0.172500
0.173000
0.173500
0.174000
0.174500
0.175000
0.175500
0.176000
0.176500
0.177000
0.177500
0.178000
0.177500
0.178000
0.178500
0.179000
0.179500
0.180000
0.180500
0.181000
0.181500
0.182000
0.182500
0.183000
0.183500
0.184000
0.184500
0.185000
0.185500
0.186000
0.186500
0.187000
0.187500
0.188000
0.188500
0.189000
0.189500
0.190000
0.190500
0.191000
0.191500
0.192000
0.192500
0.193000
0.193500
0.194000
0.194500
0.195000
0.195500
0.196000
0.196500
0.197000
0.197500
0.198000
0.198500
0.199000
0.199500
0.200000
0.200500
0.201000
0.201500
0.202000
0.202500
0.203000
0.203500
0.204000
0.204500
0.205000
0.204500
0.205000
0.205500
0.206000
0.206500
0.207000
0.207500
0.208000
0.208500
0.209000
0.209500
0.210000
0.210500
0.211000
0.211500
0.212000
0.212500
0.213000
0.213500
0.214000
0.214500
0.215000
0.215500
0.216000
0.216500
0.217000
0.217500
0.218000
0.218500
0.219000
0.219500
0.220000
0.220500
0.221000
0.221500
0.222000
0.222500
0.223000
0.223500
0.224000
0.224500
0.225000
0.225500
0.226000
0.226500
0.227000
0.227500
0.228000
0.227500
0.227000
0.226500
0.226000
0.225500
0.225000
0.224500
0.224000
0.223500
0.223000
0.222500
0.222000
0.222500
0.223000
0.223500
0.224000
0.224500
0.225000
0.225500
0.226000
0.226500
0.227000
0.227500
0.228000
0.228500
0.229000
0.229500
0.230000
0.230500
0.231000
0.231500
0.232000
0.232500
0.233000
0.232500
0.232000
0.231500
0.231000
0.230500
0.230000
0.229500
0.229000
0.228500
0.228000
0.227500
0.227000
0.226500
0.226000
0.225500
0.225000
0.224500
0.224000
0.223500
0.223000
0.222500
0.222000
0.222500
0.223000
0.223500
0.224000
0.224500
0.225000
0.225500
0.226000
0.226500
0.227000
0.227500
0.228000
0.228500
0.229000
0.229500
0.230000
0.230500
0.231000
0.231500
0.232000
0.232500
0.233000
0.233500
0.234000
0.233500
0.233000
0.232500
0.232000
0.231500
0.231000
0.230500
0.230000
0.229500
0.229000
0.228500
0.228000
0.227500
0.227000
0.226500
0.226000
0.225500
0.225000
0.224500
0.224000
0.223500
0.223000
0.222500
0.222000
0.221500
0.221000
0.220500
0.220000
0.219500
0.220000
0.220500
0.221000
0.221500
0.222000
0.222500
0.223000
0.223500
0.224000
0.224500
0.225000
0.225500
0.226000
0.226500
0.227000
0.227500
0.228000
0.228500
0.229000
0.229500
0.230000
0.230500
0.230000
0.229500
0.229000
0.228500
0.228000
0.227500
0.227000
0.226500
0.226000
0.225500
0.225000
0.224500
0.224000
0.223500
0.223000
0.222500
0.222000
0.221500
0.221000
0.220500
0.220000
0.219500
0.219000
0.219500
0.220000
0.220500
0.221000
0.221500
0.222000
0.222500
0.223000
0.223500
0.224000
0.224500
0.225000
0.225500
0.226000
0.226500
0.227000
0.227500
0.228000
0.228500
0.229000
0.229500
0.230000
0.230500
0.231000
0.231500
0.232000
0.232500
0.233000
0.233500
0.233000
0.232500
0.232000
0.231500
0.231000
0.230500
0.230000
0.229500
0.229000
0.228500
0.228000
0.227500
0.227000
0.226500
0.226000
0.225500
0.225000
0.224500
0.224000
0.223500
0.223000
0.222500
0.222000
0.221500
0.221000
0.220500
0.220000
0.219500
0.219000
0.218500
0.219000
0.219500
0.220000
0.220500
0.221000
0.221500
0.222000
0.222500
0.223000
0.223500
0.224000
0.224500
0.225000
0.225500
0.226000
0.226500
0.227000
0.227500
0.228000
0.228500
0.229000
0.228500
0.228000
0.227500
0.227000
0.226500
0.226000
0.225500
0.225000
0.224500
0.224000
0.223500
0.223000
0.222500
0.222000
0.221500
0.221000
0.220500
0.220000
0.219500
0.219000
0.218500
0.218000
0.217500
0.217000
0.216500
0.216000
0.215500
0.215000
0.214500
0.214000
0.213500
0.213000
0.213500
0.214000
0.214500
0.215000
0.215500
0.216000
0.216500
0.217000
0.217500
0.218000
0.218500
0.219000
0.219500
0.220000
0.220500
0.221000
0.221500
0.222000
0.222500
0.223000
0.223500
0.224000
0.224500
0.224000
0.223500
0.223000
0.222500
0.222000
0.221500
0.221000
0.220500
0.220000
0.219500
0.219000
0.218500
0.218000
0.217500
0.217000
0.216500
0.216000
0.215500
0.215000
0.214500
0.214000
0.213500
0.213000
0.212500
0.212000
0.211500
0.211000
0.211500
0.212000
0.212500
0.213000
0.213500
0.214000
0.214500
0.215000
0.215500
0.216000
0.216500
0.217000
0.217500
0.218000
0.218500
0.219000
0.219500
0.220000
0.220500
0.221000
0.221500
0.222000
0.222500
0.223000
0.223500
0.224000
0.224500
0.225000
0.225500
0.226000
0.226500
0.227000
0.227500
0.227000
0.226500
0.226000
0.225500
0.225000
0.224500
0.224000
0.223500
0.223000
0.222500
0.222000
0.221500
0.221000
0.220500
0.220000
0.219500
0.219000
0.218500
0.218000
0.217500
0.217000
0.216500
0.217000
0.217500
0.218000
0.218500
0.219000
0.219500
0.220000
0.220500
0.220000
0.219500
0.219000
0.218500
0.218000
0.217500
0.217000
0.216500
0.216000
0.215500
0.215000
0.214500
0.214000
0.213500
0.213000
0.212500
0.212000
0.211500
0.211000
0.210500
0.210000
0.209500
0.209000
0.208500
0.208000
0.208500
0.209000
0.209500
0.210000
0.210500
0.211000
0.211500
0.212000
0.212500
0.213000
0.213500
0.214000
0.214500
0.215000
0.215500
0.216000
0.216500
0.217000
0.216500
0.216000
0.215500
0.215000
0.214500
0.214000
0.213500
0.213000
0.212500
0.212000
0.211500
0.211000
0.210500
0.210000
0.209500
0.209000
0.208500
0.208000
0.207500
0.207000
0.206500
0.206000
0.205500
0.205000
0.204500
0.204000
0.203500
0.203000
0.202500
0.202000
0.201500
0.201000
0.201500
0.202000
0.202500
0.203000
0.203500
0.204000
0.204500
0.205000
0.205500
0.206000
0.206500
0.207000
0.207500
0.208000
0.208500
0.209000
0.209500
0.210000
0.210500
0.211000
0.211500
0.212000
0.212500
0.213000
0.213500
0.214000
0.214500
0.215000
0.215500
0.216000
0.216500
0.217000
0.217500
0.218000
0.218500
0.219000
0.219500
0.219000
0.218500
0.218000
0.217500
0.217000
0.216500
0.216000
0.215500
0.215000
0.214500
0.214000
0.213500
0.213000
0.212500
0.212000
0.211500
0.211000
0.210500
0.210000
0.209500
0.209000
0.208500
0.208000
0.208500
0.209000
0.209500
0.210000
0.210500
0.211000
0.211500
0.212000
0.212500
0.213000
0.213500
0.214000
0.214500
0.215000
0.215500
0.216000
0.215500
0.215000
0.214500
0.214000
0.213500
0.213000
0.212500
0.212000
0.211500
0.211000
0.210500
0.210000
0.209500
0.209000
0.208500
0.208000
0.207500
0.207000
0.206500
0.206000
0.205500
0.205000
0.204500
0.204000
0.203500
0.203000
0.202500
0.202000
0.201500
0.201000
0.200500
0.200000
0.199500
0.199000
0.199500
0.200000
0.200500
0.201000
0.201500
0.202000
0.202500
0.203000
0.203500
0.204000
0.204500
0.205000
0.205500
0.206000
0.206500
0.207000
0.207500
0.207000
0.206500
0.206000
0.205500
0.205000
0.204500
0.204000
0.203500
0.203000
0.202500
0.202000
0.201500
0.201000
0.200500
0.200000
0.199500
0.199000
0.198500
0.198000
0.197500
0.197000
0.196500
0.196000
0.195500
0.195000
0.194500
0.194000
0.193500
0.193000
0.192500
0.193000
0.193500
0.194000
0.194500
0.195000
0.195500
0.196000
0.196500
0.197000
0.197500
0.198000
0.198500
0.199000
0.199500
0.200000
0.200500
0.201000
0.201500
0.202000
0.202500
0.203000
0.203500
0.204000
0.204500
0.205000
0.205500
0.206000
0.206500
0.207000
0.206500
0.206000
0.205500
0.205000
0.204500
0.204000
0.203500
0.203000
0.202500
0.202000
0.201500
0.201000
0.200500
0.200000
0.199500
0.199000
0.198500
0.198000
0.197500
0.197000
0.196500
0.196000
0.195500
0.195000
0.195500
0.196000
0.196500
0.197000
0.197500
0.198000
0.198500
0.199000
0.199500
0.200000
0.200500
0.201000
0.201500
0.202000
0.202500
0.203000
0.203500
0.204000
0.204500
0.205000
0.205500
0.206000
0.206500
0.207000
0.207500
0.207000
0.206500
0.206000
0.205500
0.205000
0.204500
0.204000
0.203500
0.203000
0.202500
0.202000
0.201500
0.201000
0.200500
0.200000
0.199500
0.199000
0.198500
0.198000
0.197500
0.197000
0.196500
0.196000
0.195500
0.195000
0.194500
0.194000
0.193500
0.193000
0.192500
0.192000
0.191500
0.191000
0.190500
0.190000
0.189500
0.190000
0.190500
0.191000
0.191500
0.192000
0.192500
0.193000
0.193500
0.194000
0.194500
0.195000
0.195500
0.196000
0.196500
0.197000
0.197500
0.198000
0.198500
0.199000
0.199500
0.200000
0.199500
0.199000
0.198500
0.198000
0.197500
0.197000
0.196500
0.196000
0.195500
0.195000
0.194500
0.194000
0.193500
0.193000
0.192500
0.192000
0.191500
0.191000
0.190500
0.190000
0.189500
0.189000
0.188500
0.188000
0.187500
0.187000
0.186500
0.186000
0.185500
0.185000
0.184500
0.184000
0.183500
0.184000
0.184500
0.185000
0.185500
0.186000
0.186500
0.187000
0.187500
0.188000
0.188500
0.189000
0.189500
0.190000
0.190500
0.191000
0.191500
0.192000
0.192500
0.193000
0.193500
0.194000
0.194500
0.195000
0.195500
0.196000
0.196500
0.197000
0.197500
0.198000
0.198500
0.199000
0.199500
0.200000
0.199500
0.199000
0.198500
0.198000
0.197500
0.197000
0.196500
0.196000
0.195500
0.195000
0.194500
0.194000
0.193500
0.193000
0.192500
0.192000
0.191500
0.191000
0.190500
0.190000
0.189500
0.189000
0.188500
0.188000
0.187500
0.187000
0.186500
0.186000
0.186500
0.187000
0.187500
0.188000
0.188500
0.189000
0.189500
0.190000
0.190500
0.191000
0.191500
0.192000
0.192500
0.193000
0.193500
0.194000
0.194500
0.194000
0.193500
0.193000
0.192500
0.192000
0.191500
0.191000
0.190500
0.190000
0.189500
0.189000
0.188500
0.188000
0.187500
0.187000
0.186500
0.186000
0.185500
0.185000
0.184500
0.184000
0.183500
0.183000
0.182500
0.182000
0.181500
0.181000
0.181500
0.182000
0.182500
0.183000
0.183500
0.184000
0.184500
0.185000
0.185500
0.186000
0.186500
0.187000
0.187500
0.188000
0.188500
0.189000
0.189500
0.190000
0.190500
0.191000
0.191500
0.192000
0.192500
0.193000
0.193500
0.194000
0.194500
0.195000
0.194500
0.194000
0.193500
0.193000
0.192500
0.192000
0.191500
0.191000
0.190500
0.190000
0.189500
0.189000
0.188500
0.188000
0.187500
0.187000
0.186500
0.186000
0.185500
0.185000
0.184500
0.184000
0.183500
0.183000
0.182500
0.182000
0.181500
0.181000
0.180500
0.180000
0.179500
0.179000
0.178500
0.179000
0.179500
0.180000
0.180500
0.181000
0.181500
0.182000
0.182500
0.183000
0.183500
0.184000
0.184500
0.185000
0.185500
0.186000
0.186500
0.187000
0.187500
0.188000
0.188500
0.189000
0.189500
0.190000
0.190500
0.191000
0.191500
0.192000
0.191500
0.191000
0.190500
0.190000
0.189500
0.189000
0.188500
0.188000
0.187500
0.187000
0.186500
0.186000
0.185500
0.185000
0.184500
0.184000
0.183500
0.183000
0.182500
0.182000
0.181500
0.181000
0.180500
0.180000
0.180500
0.181000
0.181500
0.182000
0.182500
0.183000
0.183500
0.184000
0.184500
0.185000
0.185500
0.186000
0.186500
0.187000
0.187500
0.188000
0.188500
0.189000
0.189500
0.190000
0.190500
0.191000
0.191500
0.191000
0.190500
0.190000
0.189500
0.189000
0.188500
0.188000
0.187500
0.187000
0.186500
0.186000
0.185500
0.185000
0.184500
0.184000
0.183500
0.183000
0.182500
0.182000
0.181500
0.181000
0.180500
0.180000
0.179500
0.179000
0.178500
0.178000
0.177500
0.177000
0.176500
0.177000
0.177500
0.178000
0.178500
0.179000
0.179500
0.180000
0.180500
0.181000
0.181500
0.182000
0.182500
0.183000
0.183500
0.184000
0.184500
0.185000
0.185500
0.186000
0.186500
0.187000
0.187500
0.188000
0.188500
0.189000
0.189500
0.190000
0.190500
0.191000
0.191500
0.192000
0.192500
0.192000
0.191500
0.191000
0.190500
0.190000
0.189500
0.189000
0.188500
0.188000
0.187500
0.187000
0.186500
0.186000
0.185500
0.185000
0.184500
0.184000
0.183500
0.183000
0.182500
0.182000
0.181500
0.181000
0.180500
0.180000
0.179500
0.179000
0.178500
0.178000
0.177500
0.177000
0.176500
0.176000
0.176500
0.177000
0.177500
0.178000
0.178500
0.179000
0.179500
0.180000
0.180500
0.181000
0.181500
0.182000
0.182500
0.183000
0.183500
0.184000
0.184500
0.185000
0.185500
0.186000
0.186500
0.187000
0.187500
0.188000
0.188500
0.189000
0.188500
0.188000
0.187500
0.187000
0.186500
0.186000
0.185500
0.185000
0.184500
0.184000
0.183500
0.183000
0.182500
0.182000
0.181500
0.181000
0.180500
0.180000
0.179500
0.179000
0.178500
0.178000
0.177500
0.177000
0.176500
0.177000
0.176500
0.176000
0.175500
0.175000
0.174500
0.174000
0.173500
0.173000
0.172500
0.172000
0.171500
0.171000
0.170500
0.170000
0.169500
0.169000
0.168500
0.168000
0.167500
0.167000
0.166500
0.166000
0.165500
0.165000
0.164500
0.164000
0.163500
0.163000
0.162500
0.162000
0.161500
0.161000
0.160500
0.160000
0.159500
0.159000
0.158500
0.158000
0.157500
0.157000
0.156500
0.156000
0.155500
0.155000
0.154500
0.154000
0.153500
0.153000
0.152500
0.152000
0.151500
0.151000
0.150500
0.150000
0.149500
0.149000
0.148500
0.148000
0.147500
0.147000
0.146500
0.147000
0.147500
0.148000
0.147500
0.147000
0.146500
0.146000
0.145500
0.146000
0.146500
0.147000
0.147500
0.148000
0.147500
0.147000
0.146500
0.147000
0.147500
0.148000
0.148500
0.149000
0.149500
0.150000
0.150500
0.151000
0.151500
0.152000
0.152500
0.153000
0.153500
0.154000
0.153500
0.153000
0.153500
0.154000
0.154500
0.155000
0.155500
0.156000
0.156500
0.157000
0.157500
0.158000
0.158500
0.159000
0.159500
0.160000
0.160500
0.161000
0.161500
0.162000
0.162500
0.163000
0.163500
0.164000
0.163500
0.163000
0.162500
0.162000
0.161500
0.161000
0.160500
0.160000
0.159500
0.159000
0.158500
0.158000
0.157500
0.157000
0.156500
0.156000
0.155500
0.155000
0.154500
0.154000
0.153500
0.153000
0.152500
0.152000
0.151500
0.151000
0.150500
0.150000
0.149500
0.149000
0.149500
0.150000
0.150500
0.151000
0.151500
0.152000
0.152500
0.153000
0.153500
0.154000
0.154500
0.155000
0.155500
0.156000
0.156500
0.157000
0.157500
0.158000
0.158500
0.159000
0.159500
0.159000
0.158500
0.158000
0.157500
0.157000
0.156500
0.156000
0.155500
0.155000
0.154500
0.154000
0.153500
0.153000
0.152500
0.152000
0.151500
0.151000
0.150500
0.150000
0.149500
0.149000
0.148500
0.148000
0.147500
0.147000
0.146500
0.146000
0.146500
0.147000
0.147500
0.148000
0.148500
0.149000
0.149500
0.150000
0.150500
0.151000
0.151500
0.152000
0.152500
0.153000
0.153500
0.154000
0.154500
0.155000
0.155500
0.156000
0.155500
0.155000
0.154500
0.154000
0.153500
0.153000
0.152500
0.152000
0.151500
0.151000
0.150500
0.150000
0.149500
0.149000
0.148500
0.148000
0.147500
0.147000
0.146500
0.146000
0.145500
0.145000
0.144500
0.144000
0.143500
0.143000
0.142500
0.142000
0.141500
0.141000
0.140500
0.140000
0.139500
0.139000
0.139500
0.140000
0.140500
0.141000
0.141500
0.142000
0.142500
0.143000
0.143500
0.144000
0.144500
0.145000
0.145500
0.146000
0.146500
0.147000
0.147500
0.148000
0.148500
0.149000
0.149500
0.150000
0.150500
0.151000
0.151500
0.151000
0.150500
0.150000
0.149500
0.149000
0.148500
0.148000
0.147500
0.147000
0.146500
0.146000
0.145500
0.145000
0.144500
0.144000
0.143500
0.143000
0.142500
0.142000
0.141500
0.141000
0.140500
0.140000
0.139500
0.139000
0.138500
0.138000
0.137500
0.137000
0.136500
0.136000
0.135500
0.135000
0.134500
0.134000
0.133500
0.133000
0.132500
0.133000
0.133500
0.134000
0.134500
0.135000
0.135500
0.136000
0.136500
0.137000
0.137500
0.138000
0.138500
0.139000
0.139500
0.140000
0.140500
0.141000
0.141500
0.142000
0.142500
0.143000
0.143500
0.144000
0.144500
0.145000
0.145500
0.146000
0.146500
0.147000
0.146500
0.146000
0.145500
0.145000
0.144500
0.144000
0.143500
0.143000
0.142500
0.142000
0.141500
0.141000
0.140500
0.140000
0.139500
0.139000
0.138500
0.138000
0.137500
0.137000
0.136500
0.136000
0.135500
0.135000
0.134500
0.134000
0.133500
0.133000
0.133500
0.134000
0.134500
0.135000
0.135500
0.136000
0.136500
0.137000
0.137500
0.138000
0.138500
0.139000
0.139500
0.140000
0.140500
0.141000
0.141500
0.141000
0.140500
0.140000
0.139500
0.139000
0.138500
0.138000
0.137500
0.137000
0.136500
0.136000
0.135500
0.135000
0.134500
0.134000
0.133500
0.133000
0.132500
0.132000
0.131500
0.131000
0.130500
0.130000
0.129500
0.129000
0.128500
0.128000
0.127500
0.127000
0.127500
0.128000
0.128500
0.129000
0.129500
0.130000
0.130500
0.131000
0.131500
0.132000
0.132500
0.133000
0.133500
0.134000
0.134500
0.135000
0.135500
0.136000
0.136500
0.137000
0.137500
0.137000
0.136500
0.136000
0.135500
0.135000
0.134500
0.134000
0.133500
0.133000
0.132500
0.132000
0.131500
0.131000
0.130500
0.130000
0.129500
0.129000
0.128500
0.128000
0.127500
0.127000
0.126500
0.126000
0.125500
0.125000
0.124500
0.124000
0.124500
0.125000
0.125500
0.126000
0.126500
0.127000
0.127500
0.128000
0.128500
0.129000
0.129500
0.130000
0.130500
0.131000
0.131500
0.132000
0.132500
0.133000
0.133500
0.134000
0.133500
0.133000
0.132500
0.132000
0.131500
0.131000
0.130500
0.130000
0.129500
0.129000
0.128500
0.128000
0.127500
0.127000
0.126500
0.126000
0.125500
0.125000
0.124500
0.124000
0.123500
0.123000
0.122500
0.122000
0.121500
0.121000
0.120500
0.120000
0.119500
0.120000
0.120500
0.121000
0.121500
0.122000
0.122500
0.123000
0.123500
0.124000
0.124500
0.125000
0.125500
0.126000
0.126500
0.127000
0.127500
0.128000
0.128500
0.129000
0.129500
0.130000
0.130500
0.131000
0.130500
0.130000
0.129500
0.129000
0.128500
0.128000
0.127500
0.127000
0.126500
0.126000
0.125500
0.125000
0.124500
0.124000
0.123500
0.123000
0.122500
0.122000
0.121500
0.121000
0.120500
0.120000
0.119500
0.119000
0.118500
0.118000
0.117500
0.117000
0.116500
0.116000
0.115500
0.115000
0.115500
0.116000
0.116500
0.117000
0.117500
0.118000
0.118500
0.119000
0.119500
0.120000
0.120500
0.121000
0.121500
0.122000
0.122500
0.123000
0.123500
0.124000
0.123500
0.123000
0.122500
0.122000
0.121500
0.121000
0.120500
0.120000
0.119500
0.119000
0.118500
0.118000
0.117500
0.117000
0.116500
0.116000
0.115500
0.115000
0.114500
0.114000
0.113500
0.113000
0.112500
0.112000
0.111500
0.111000
0.110500
0.111000
0.111500
0.112000
0.112500
0.113000
0.113500
0.114000
0.114500
0.115000
0.115500
0.116000
0.116500
0.117000
0.117500
0.118000
0.118500
0.119000
0.119500
0.120000
0.120500
0.121000
0.120500
0.120000
0.119500
0.119000
0.118500
0.118000
0.117500
0.117000
0.116500
0.116000
0.115500
0.115000
0.114500
0.114000
0.113500
0.113000
0.112500
0.112000
0.111500
0.111000
0.110500
0.110000
0.109500
0.109000
0.108500
0.108000
0.107500
0.107000
0.106500
0.106000
0.105500
0.105000
0.104500
0.104000
0.104500
0.105000
0.105500
0.106000
0.106500
0.107000
0.107500
0.108000
0.108500
0.109000
0.109500
0.110000
0.110500
0.111000
0.111500
0.112000
0.112500
0.113000
0.113500
0.114000
0.114500
0.115000
0.115500
0.116000
0.116500
0.117000
0.117500
0.117000
0.116500
0.116000
0.115500
0.115000
0.114500
0.114000
0.113500
0.113000
0.112500
0.112000
0.111500
0.111000
0.110500
0.110000
0.109500
0.109000
0.108500
0.108000
0.107500
0.107000
0.106500
0.106000
0.105500
0.105000
0.104500
0.104000
0.103500
0.103000
0.102500
0.102000
0.101500
0.101000
0.100500
0.100000
0.099500
0.099000
0.098500
0.099000
0.099500
0.100000
0.100500
0.101000
0.101500
0.102000
0.102500
0.103000
0.103500
0.104000
0.104500
0.105000
0.105500
0.106000
0.106500
0.107000
0.107500
0.108000
0.108500
0.109000
0.109500
0.110000
0.110500
0.111000
0.111500
0.112000
0.111500
0.111000
0.110500
0.110000
0.109500
0.109000
0.108500
0.108000
0.107500
0.107000
0.106500
0.106000
0.105500
0.105000
0.104500
0.104000
0.103500
0.103000
0.102500
0.102000
0.101500
0.101000
0.100500
0.100000
0.099500
0.099000
0.098500
0.098000
0.097500
0.098000
0.098500
0.099000
0.099500
0.100000
0.100500
0.101000
0.101500
0.102000
0.102500
0.103000
0.103500
0.104000
0.104500
0.105000
0.105500
0.106000
0.106500
0.107000
0.107500
0.108000
0.108500
0.109000
0.108500
0.108000
0.107500
0.107000
0.106500
0.106000
0.105500
0.105000
0.104500
0.104000
0.103500
0.103000
0.102500
0.102000
0.101500
0.101000
0.100500
0.100000
0.099500
0.099000
0.098500
0.098000
0.097500
0.097000
0.096500
0.096000
0.095500
0.095000
0.094500
0.094000
0.093500
0.093000
0.092500
0.092000
0.091500
0.091000
0.090500
0.090000
0.089500
0.090000
0.090500
0.091000
0.091500
0.092000
0.092500
0.093000
0.093500
0.094000
0.094500
0.095000
0.095500
0.096000
0.096500
0.097000
0.097500
0.098000
0.098500
0.099000
0.098500
0.098000
0.097500
0.097000
0.096500
0.096000
0.095500
0.095000
0.094500
0.094000
0.093500
0.093000
0.092500
0.092000
0.091500
0.091000
0.090500
0.090000
0.089500
0.089000
0.088500
0.088000
0.087500
0.087000
0.086500
0.086000
0.085500
0.085000
0.084500
0.084000
0.083500
0.083000
0.083500
0.084000
0.084500
0.085000
0.085500
0.086000
0.086500
0.087000
0.087500
0.088000
0.088500
0.089000
0.089500
0.090000
0.090500
0.091000
0.091500
0.092000
0.092500
0.093000
0.093500
0.094000
0.094500
0.095000
0.095500
0.096000
0.096500
0.097000
0.097500
0.097000
0.096500
0.096000
0.095500
0.095000
0.094500
0.094000
0.093500
0.093000
0.092500
0.092000
0.091500
0.091000
0.090500
0.090000
0.089500
0.089000
0.088500
0.088000
0.087500
0.087000
0.087500
0.088000
0.088500
0.089000
0.089500
0.090000
0.090500
0.091000
0.091500
0.092000
0.091500
0.091000
0.090500
0.090000
0.089500
0.089000
0.088500
0.088000
0.087500
0.087000
0.086500
0.086000
0.085500
0.085000
0.084500
0.084000
0.083500
0.083000
0.082500
0.082000
0.081500
0.081000
0.080500
0.080000
0.079500
0.079000
0.078500
0.078000
0.077500
0.077000
0.076500
0.076000
0.075500
0.075000
0.074500
0.074000
0.073500
0.074000
0.074500
0.075000
0.075500
0.076000
0.076500
0.077000
0.077500
0.078000
0.078500
0.079000
0.079500
0.080000
0.080500
0.081000
0.081500
0.082000
0.082500
0.083000
0.083500
0.083000
0.082500
0.082000
0.081500
0.081000
0.080500
0.080000
0.079500
0.079000
0.078500
0.078000
0.077500
0.077000
0.076500
0.076000
0.075500
0.075000
0.074500
0.074000
0.073500
0.073000
0.072500
0.072000
0.071500
0.071000
0.070500
0.070000
0.069500
0.069000
0.068500
0.068000
0.068500
0.069000
0.069500
0.070000
0.070500
0.071000
0.071500
0.072000
0.072500
0.073000
0.073500
0.074000
0.074500
0.075000
0.075500
0.076000
0.076500
0.077000
0.077500
0.078000
0.078500
0.079000
0.079500
0.080000
0.080500
0.081000
0.081500
0.082000
0.082500
0.083000
0.082500
0.082000
0.081500
0.081000
0.080500
0.080000
0.079500
0.079000
0.078500
0.078000
0.077500
0.077000
0.076500
0.076000
0.075500
0.075000
0.074500
0.074000
0.073500
0.073000
0.072500
0.072000
0.071500
0.071000
0.070500
0.070000
0.069500
0.069000
0.068500
0.068000
0.067500
0.067000
0.066500
0.066000
0.065500
0.065000
0.064500
0.064000
0.063500
0.063000
0.062500
0.062000
0.061500
0.061000
0.060500
0.060000
0.059500
0.059000
0.058500
0.059000
0.059500
0.060000
0.060500
0.061000
0.061500
0.062000
0.062500
0.063000
0.063500
0.064000
0.064500
0.065000
0.065500
0.066000
0.066500
0.067000
0.067500
0.068000
0.068500
0.069000
0.069500
0.070000
0.070500
0.071000
0.071500
0.072000
0.072500
0.073000
0.072500
0.072000
0.071500
0.071000
0.070500
0.070000
0.069500
0.069000
0.068500
0.068000
0.067500
0.067000
0.066500
0.066000
0.065500
0.065000
0.064500
0.064000
0.063500
0.063000
0.062500
0.062000
0.061500
0.061000
0.060500
0.060000
0.059500
0.059000
0.058500
0.058000
0.057500
0.057000
0.056500
0.056000
0.055500
0.055000
0.055500
0.056000
0.056500
0.057000
0.057500
0.058000
0.058500
0.059000
0.059500
0.060000
0.060500
0.061000
0.061500
0.062000
0.062500
0.063000
0.063500
0.064000
0.064500
0.065000
0.065500
0.066000
0.066500
0.067000
0.067500
0.068000
0.068500
0.069000
0.068500
0.068000
0.067500
0.067000
0.066500
0.066000
0.065500
0.065000
0.064500
0.064000
0.063500
0.063000
0.062500
0.062000
0.061500
0.061000
0.060500
0.060000
0.059500
0.059000
0.058500
0.058000
0.057500
0.057000
0.056500
0.056000
0.055500
0.055000
0.055500
0.056000
0.056500
0.057000
0.057500
0.058000
0.058500
0.059000
0.059500
0.060000
0.060500
0.061000
0.061500
0.062000
0.062500
0.063000
0.063500
0.064000
0.064500
0.065000
0.064500
0.064000
0.063500
0.063000
0.062500
0.062000
0.061500
0.061000
0.060500
0.060000
0.059500
0.059000
0.058500
0.058000
0.057500
0.057000
0.056500
0.056000
0.055500
0.055000
0.054500
0.054000
0.053500
0.053000
0.052500
0.052000
0.051500
0.051000
0.050500
0.050000
0.049500
0.049000
0.048500
0.048000
0.047500
0.047000
0.046500
0.047000
0.047500
0.047000
0.046500
0.046000
0.045500
0.045000
0.044500
0.044000
0.043500
0.044000
0.044500
0.045000
0.045500
0.046000
0.046500
0.047000
0.046500
0.046000
0.045500
0.045000
0.044500
0.044000
0.043500
0.043000
0.042500
0.042000
0.041500
0.041000
0.040500
0.040000
0.039500
0.039000
0.038500
0.038000
0.038500
0.039000
0.039500
0.040000
0.040500
0.041000
0.041500
0.042000
0.042500
0.043000
0.043500
0.044000
0.044500
0.045000
0.045500
0.046000
0.046500
0.047000
0.047500
0.048000
0.048500
0.049000
0.049500
0.050000
0.050500
0.051000
0.051500
0.052000
0.052500
0.052000
0.051500
0.051000
0.050500
0.050000
0.049500
0.049000
0.048500
0.048000
0.047500
0.047000
0.046500
0.046000
0.045500
0.045000
0.044500
0.044000
0.043500
0.043000
0.042500
0.042000
0.041500
0.041000
0.040500
0.040000
0.040500
0.041000
0.041500
0.042000
0.042500
0.043000
0.043500
0.044000
0.044500
0.045000
0.045500
0.046000
0.046500
0.047000
0.047500
0.048000
0.048500
0.049000
0.049500
0.050000
0.050500
0.051000
0.051500
0.051000
0.050500
0.051000
0.051500
0.052000
0.052500
0.052000
0.051500
0.051000
0.050500
0.050000
0.049500
0.049000
0.048500
0.048000
0.047500
0.047000
0.046500
0.046000
0.045500
0.045000
0.044500
0.044000
0.043500
0.043000
0.042500
0.042000
0.041500
0.041000
0.040500
0.040000
0.039500
0.039000
0.038500
0.038000
0.037500
0.037000
0.036500
0.036000
0.035500
0.035000
0.034500
0.034000
0.033500
0.033000
0.032500
0.032000
0.031500
0.031000
0.030500
0.030000
0.029500
0.029000
0.028500
0.028000
0.027500
0.027000
0.026500
0.026000
0.025500
0.026000
0.026500
0.027000
0.027500
0.028000
0.028500
0.029000
0.029500
0.030000
0.030500
0.031000
0.031500
0.032000
0.032500
0.033000
0.033500
0.034000
0.034500
0.035000
0.035500
0.036000
0.036500
0.037000
0.037500
0.038000
0.038500
0.039000
0.039500
0.040000
0.040500
0.041000
0.040500
0.040000
0.039500
0.039000
0.038500
0.038000
0.037500
0.037000
0.036500
0.036000
0.035500
0.035000
0.034500
0.034000
0.033500
0.033000
0.032500
0.032000
0.031500
0.031000
0.030500
0.030000
0.029500
0.029000
0.028500
0.028000
0.027500
0.027000
0.026500
0.026000
0.025500
0.026000
0.026500
0.027000
0.027500
0.028000
0.028500
0.029000
0.029500
0.030000
0.030500
0.031000
0.031500
0.032000
0.032500
0.033000
0.033500
0.034000
0.033500
0.033000
0.032500
0.032000
0.031500
0.031000
0.030500
0.030000
0.029500
0.029000
0.028500
0.028000
0.027500
0.027000
0.026500
0.026000
0.025500
0.025000
0.024500
0.024000
0.023500
0.023000
0.022500
0.022000
0.021500
0.021000
0.020500
0.020000
0.019500
0.019000
0.018500
0.018000
0.017500
0.017000
0.016500
0.016000
0.015500
0.015000
0.014500
0.014000
0.013500
0.013000
0.012500
0.012000
0.011500
0.011000
0.010500
0.010000
0.009500
0.009000
0.008500
0.008000
0.007500
0.008000
0.008500
0.009000
0.009500
0.010000
0.010500
0.011000
0.011500
0.012000
0.012500
0.013000
0.013500
0.014000
0.014500
0.015000
0.015500
0.016000
0.016500
0.017000
0.017500
0.018000
0.018500
0.019000
0.019500
0.020000
0.020500
0.021000
0.021500
0.022000
0.022500
0.023000
0.023500
0.024000
0.024500
0.025000
0.024500
0.024000
0.023500
0.024000
0.024500
0.025000
0.025500
0.026000
0.025500
0.025000
0.024500
0.024000
0.023500
0.023000
0.022500
0.022000
0.021500
0.021000
0.020500
0.020000
0.019500
0.019000
0.018500
0.018000
0.017500
0.017000
0.016500
0.016000
0.015500
0.015000
0.014500
0.014000
0.013500
0.013000
0.012500
0.012000
0.011500
0.011000
0.010500
0.010000
0.009500
0.009000
0.008500
0.008000
0.007500
0.007000
0.006500
0.006000
0.005500
0.005000
0.004500
0.004000
0.003500
0.003000
0.002500
0.002000
0.001500
0.001000
0.000500
-0.000000
-0.000500
-0.001000
-0.001500
-0.002000
-0.002500
-0.003000
-0.003500
-0.004000
-0.004500
-0.005000
-0.005500
-0.006000
-0.006500
-0.007000
-0.007500
-0.007000
-0.006500
-0.006000
-0.005500
-0.005000
-0.004500
-0.004000
-0.003500
-0.003000
-0.002500
-0.002000
-0.001500
-0.001000
-0.000500
-0.000000
0.000500
0.001000
0.001500
0.002000
0.002500
0.003000
0.003500
0.004000
0.004500
0.005000
0.005500
0.006000
0.006500
0.007000
0.007500
0.008000
0.008500
0.009000
0.009500
0.010000
0.010500
0.011000
0.011500
0.011000
0.010500
0.010000
0.009500
0.009000
0.008500
0.008000
0.007500
0.007000
0.006500
0.006000
0.005500
0.005000
0.004500
0.004000
0.003500
0.003000
0.002500
0.002000
0.001500
0.002000
0.002500
0.003000
0.003500
0.004000
0.004500
0.005000
0.005500
0.006000
0.006500
0.007000
0.007500
0.008000
0.008500
0.009000
0.009500
0.010000
0.010500
0.011000
0.011500
0.012000
0.012500
0.013000
0.013500
0.014000
0.013500
0.013000
0.012500
0.012000
0.011500
0.011000
0.010500
0.010000
0.009500
0.009000
0.008500
0.008000
0.007500
0.007000
0.006500
0.006000
0.005500
0.005000
0.004500
0.004000
0.003500
0.003000
0.002500
0.002000
0.001500
0.001000
0.000500
-0.000000
-0.000500
-0.001000
-0.001500
-0.002000
-0.002500
-0.003000
-0.003500
-0.004000
-0.004500
-0.005000
-0.005500
-0.006000
-0.006500
-0.007000
-0.007500
-0.008000
-0.008500
-0.009000
-0.009500
-0.010000
-0.010500
-0.011000
-0.011500
-0.012000
-0.012500
-0.013000
-0.013500
-0.014000
-0.014500
-0.015000
-0.015500
-0.016000
-0.016500
-0.017000
-0.016500
-0.016000
-0.015500
-0.015000
-0.014500
-0.014000
-0.013500
-0.013000
-0.012500
-0.012000
-0.012500
-0.012000
-0.011500
-0.011000
-0.010500
-0.010000
-0.010500
-0.010000
-0.009500
-0.009000
-0.008500
-0.009000
-0.009500
-0.010000
-0.010500
-0.010000
-0.009500
-0.009000
-0.009500
-0.010000
-0.010500
-0.010000
-0.009500
-0.009000
-0.008500
-0.008000
-0.007500
-0.007000
-0.006500
-0.006000
-0.005500
-0.005000
-0.004500
-0.004000
-0.003500
-0.003000
-0.002500
-0.002000
-0.001500
-0.001000
-0.000500
-0.000000
-0.000500
-0.001000
-0.001500
-0.002000
-0.002500
-0.003000
-0.003500
-0.004000
-0.004500
-0.005000
-0.005500
-0.006000
-0.006500
-0.007000
-0.007500
-0.008000
-0.008500
-0.009000
-0.009500
-0.010000
-0.010500
-0.011000
-0.011500
-0.012000
-0.012500
-0.013000
-0.013500
-0.014000
-0.014500
-0.015000
-0.015500
-0.016000
-0.016500
-0.017000
-0.017500
-0.018000
-0.018500
-0.019000
-0.019500
-0.020000
-0.020500
-0.021000
-0.021500
-0.022000
-0.022500
-0.023000
-0.023500
-0.024000
-0.024500
-0.025000
-0.025500
-0.026000
-0.026500
-0.027000
-0.027500
-0.028000
-0.028500
-0.029000
-0.029500
-0.030000
-0.030500
-0.031000
-0.030500
-0.031000
-0.031500
-0.032000
-0.031500
-0.032000
-0.032500
-0.033000
-0.033500
-0.034000
-0.034500
-0.035000
-0.035500
-0.036000
-0.036500
-0.037000
-0.037500
-0.038000
-0.038500
-0.038000
-0.038500
-0.039000
-0.039500
-0.040000
-0.040500
-0.041000
-0.041500
-0.042000
-0.042500
-0.043000
-0.043500
-0.044000
-0.043500
-0.043000
-0.042500
-0.042000
-0.041500
-0.041000
-0.040500
-0.040000
-0.039500
-0.039000
-0.038500
-0.038000
-0.037500
-0.037000
-0.036500
-0.036000
-0.035500
-0.035000
-0.034500
-0.034000
-0.033500
-0.033000
-0.032500
-0.032000
-0.031500
-0.031000
-0.030500
-0.030000
-0.029500
-0.029000
-0.028500
-0.028000
-0.027500
-0.027000
-0.026500
-0.026000
-0.025500
-0.025000
-0.024500
-0.024000
-0.023500
-0.023000
-0.022500
-0.022000
-0.021500
-0.021000
-0.020500
-0.020000
-0.020500
-0.020000
-0.019500
-0.019000
-0.019500
-0.020000
-0.020500
-0.021000
-0.021500
-0.022000
-0.021500
-0.021000
-0.020500
-0.020000
-0.019500
-0.019000
-0.018500
-0.018000
-0.017500
-0.017000
-0.016500
-0.016000
-0.015500
-0.015000
-0.014500
-0.014000
-0.013500
-0.013000
-0.012500
-0.012000
-0.011500
-0.011000
-0.010500
-0.011000
-0.010500
-0.010000
-0.009500
-0.009000
-0.008500
-0.008000
-0.008500
-0.009000
-0.009500
-0.009000
-0.008500
-0.008000
-0.007500
-0.007000
-0.006500
-0.006000
-0.005500
-0.005000
-0.004500
-0.004000
-0.003500
-0.004000
-0.004500
-0.005000
-0.005500
-0.006000
-0.006500
-0.007000
-0.007500
-0.008000
-0.008500
-0.009000
-0.009500
-0.010000
-0.010500
-0.011000
-0.011500
-0.012000
-0.012500
-0.013000
-0.013500
-0.014000
-0.014500
-0.015000
-0.015500
-0.016000
-0.016500
-0.017000
-0.017500
-0.018000
-0.018500
-0.019000
-0.019500
-0.020000
-0.020500
-0.021000
-0.021500
-0.022000
-0.022500
-0.023000
-0.023500
-0.024000
-0.024500
-0.024000
-0.023500
-0.023000
-0.022500
-0.022000
-0.021500
-0.021000
-0.020500
-0.020000
-0.019500
-0.020000
-0.020500
-0.021000
-0.021500
-0.022000
-0.022500
-0.023000
-0.023500
-0.024000
-0.024500
-0.025000
-0.025500
-0.026000
-0.026500
-0.027000
-0.027500
-0.028000
-0.028500
-0.029000
-0.029500
-0.030000
-0.030500
-0.031000
-0.031500
-0.032000
-0.032500
-0.033000
-0.033500
-0.034000
-0.034500
-0.035000
-0.035500
-0.036000
-0.036500
-0.037000
-0.037500
-0.038000
-0.038500
-0.039000
-0.039500
-0.040000
-0.040500
-0.041000
-0.041500
-0.042000
-0.042500
-0.042000
-0.041500
-0.041000
-0.040500
-0.040000
-0.039500
-0.039000
-0.038500
-0.038000
-0.037500
-0.037000
-0.036500
-0.036000
-0.035500
-0.035000
-0.034500
-0.034000
-0.033500
-0.033000
-0.032500
-0.032000
-0.031500
-0.031000
-0.030500
-0.030000
-0.029500
-0.029000
-0.028500
-0.028000
-0.027500
-0.027000
-0.026500
-0.026000
-0.025500
-0.025000
-0.024500
-0.024000
-0.023500
-0.023000
-0.022500
-0.022000
-0.021500
-0.021000
-0.020500
-0.020000
-0.019500
-0.019000
-0.018500
-0.018000
-0.018500
-0.018000
-0.017500
-0.017000
-0.016500
-0.017000
-0.017500
-0.018000
-0.018500
-0.019000
-0.019500
-0.020000
-0.020500
-0.021000
-0.020500
-0.020000
-0.019500
-0.019000
-0.018500
-0.018000
-0.017500
-0.017000
-0.016500
-0.016000
-0.015500
-0.015000
-0.014500
-0.014000
-0.013500
-0.013000
-0.012500
-0.012000
-0.011500
-0.011000
-0.010500
-0.010000
-0.009500
-0.009000
-0.008500
-0.008000
-0.007500
-0.007000
-0.006500
-0.006000
-0.005500
-0.005000
-0.004500
-0.004000
-0.003500
-0.003000
-0.002500
-0.002000
-0.001500
-0.001000
-0.001500
-0.002000
-0.002500
-0.003000
-0.003500
-0.004000
-0.004500
-0.005000
-0.005500
-0.006000
-0.006500
-0.007000
-0.007500
-0.008000
-0.008500
-0.009000
-0.009500
-0.010000
-0.010500
-0.011000
-0.011500
-0.012000
-0.012500
-0.013000
-0.013500
-0.014000
-0.014500
-0.015000
-0.015500
-0.016000
-0.016500
-0.017000
-0.017500
-0.018000
-0.018500
-0.019000
-0.019500
-0.020000
-0.020500
-0.021000
-0.021500
-0.022000
-0.022500
-0.023000
-0.023500
-0.024000
-0.024500
-0.025000
-0.025500
-0.026000
-0.026500
-0.027000
-0.027500
-0.027000
-0.026500
-0.026000
-0.025500
-0.025000
-0.024500
-0.024000
-0.023500
-0.023000
-0.022500
-0.023000
-0.023500
-0.024000
-0.024500
-0.025000
-0.025500
-0.026000
-0.026500
-0.027000
-0.027500
-0.028000
-0.028500
-0.029000
-0.029500
-0.030000
-0.030500
-0.031000
-0.031500
-0.032000
-0.032500
-0.033000
-0.033500
-0.034000
-0.034500
-0.035000
-0.035500
-0.036000
-0.036500
-0.037000
-0.037500
-0.038000
-0.038500
-0.039000
-0.039500
-0.040000
-0.040500
-0.040000
-0.040500
-0.041000
-0.041500
-0.041000
-0.040500
-0.040000
-0.039500
-0.039000
-0.038500
-0.038000
-0.037500
-0.037000
-0.036500
-0.036000
-0.035500
-0.035000
-0.034500
-0.034000
-0.033500
-0.033000
-0.032500
-0.032000
-0.031500
-0.031000
-0.030500
-0.030000
-0.029500
-0.029000
-0.028500
-0.028000
-0.027500
-0.027000
-0.026500
-0.026000
-0.025500
-0.025000
-0.024500
-0.024000
-0.023500
-0.023000
-0.022500
-0.022000
-0.021500
-0.021000
-0.020500
-0.020000
-0.019500
-0.019000
-0.018500
-0.018000
-0.017500
-0.017000
-0.016500
-0.016000
-0.015500
-0.015000
-0.014500
-0.014000
-0.013500
-0.013000
-0.012500
-0.012000
-0.011500
-0.011000
-0.011500
-0.012000
-0.012500
-0.013000
-0.013500
-0.013000
-0.013500
-0.014000
-0.014500
-0.015000
-0.015500
-0.016000
-0.015500
-0.015000
-0.014500
-0.014000
-0.013500
-0.013000
-0.012500
-0.012000
-0.011500
-0.011000
-0.010500
-0.010000
-0.010500
-0.011000
-0.011500
-0.012000
-0.012500
-0.012000
-0.011500
-0.011000
-0.010500
-0.010000
-0.009500
-0.009000
-0.008500
-0.008000
-0.007500
-0.007000
-0.006500
-0.006000
-0.005500
-0.005000
-0.005500
-0.006000
-0.006500
-0.007000
-0.007500
-0.008000
-0.008500
-0.008000
-0.007500
-0.007000
-0.006500
-0.006000
-0.005500
-0.005000
-0.004500
-0.004000
-0.003500
-0.003000
-0.002500
-0.002000
-0.001500
-0.002000
-0.002500
-0.003000
-0.003500
-0.004000
-0.004500
-0.005000
-0.005500
-0.006000
-0.006500
-0.007000
-0.007500
-0.008000
-0.008500
-0.009000
-0.009500
-0.010000
-0.010500
-0.011000
-0.011500
-0.012000
-0.012500
-0.013000
-0.013500
-0.014000
-0.014500
