0.0
0.0
0.0
0.0
0.0
0.0
0.0
0.0026
0.0052
0.0078
0.0104
0.013
0.0156
0.0182
0.0208
0.0234
0.026
0.0286
0.0312
0.0338
0.0364
0.039
0.0416
0.0442
0.0468
0.0494
0.052
0.0546
0.0572
0.0598
0.0624
0.065
0.0676
0.0702
0.0728
0.0754
0.078
0.0806
0.0832
0.0858
0.0884
0.091
0.0936
0.0962
0.0988
0.1014
0.104
0.1066
0.1092
0.1118
0.1144
0.117
0.1196
0.1222
0.1248
0.1274
0.13
0.1326
0.1352
0.1378
0.1404
0.143
0.1456
0.1482
0.1508
0.1534
0.156
0.1586
0.1612
0.1638
0.1664
0.169
0.1716
0.1742
0.1768
0.1794
0.182
0.1846
0.1872
0.1898
0.1924
0.195
0.1976
0.2002
0.2028
0.2054
0.208
0.2106
0.2132
0.2158
0.2184
0.221
0.2236
0.2262
0.2288
0.2314
0.234
0.2366
0.2392
0.2418
0.2444
0.247
0.2496
0.2522
0.2548
0.2574
0.26
0.2626
0.2652
0.2678
0.2704
0.273
0.2756
-0.2782
-0.2808
0.2834
0.286
0.2886
0.2912
0.2938
0.2964
0.299
0.3016
0.3042
0.3068
0.3094
-0.312
-0.3146
-0.312
0.3094
0.312
0.3146
0.3172
-0.3146
-0.312
0.3094
0.3068
0.3094
0.312
-0.3094
-0.3068
0.3042
0.3016
0.299
0.3016
-0.299
-0.2964
0.2938
0.2912
0.2886
0.2912
0.2938
-0.2912
-0.2886
0.286
0.2834
0.2808
-0.2782
-0.2756
0.273
0.2704
0.2678
0.2704
0.273
-0.2704
-0.2678
0.2652
0.2626
0.26
0.2626
-0.26
-0.2574
-0.2548
0.2522
0.2496
0.247
0.2444
-0.2418
-0.2392
0.2366
0.234
0.2314
0.2288
0.2314
0.234
0.2366
-0.234
-0.2314
0.2288
0.2262
0.2288
0.2314
0.234
0.2366
0.2392
0.2418
-0.2444
-0.2418
0.2392
0.2418
0.2444
0.247
-0.2444
-0.2418
0.2392
0.2366
0.2392
0.2418
0.2444
-0.2418
-0.2392
0.2366
0.234
0.2366
0.2392
-0.2366
-0.234
-0.2314
0.2288
0.2262
0.2236
-0.221
-0.2184
-0.2158
0.2132
0.2106
0.208
0.2054
-0.2028
-0.2002
0.1976
0.195
0.1924
0.1898
0.1924
0.195
-0.1924
-0.1898
0.1872
0.1846
0.182
0.1846
-0.182
-0.1794
0.1768
0.1742
0.1716
0.1742
0.1768
-0.1742
-0.1716
0.169
0.1664
0.1638
0.1664
-0.1638
-0.1612
-0.1586
0.156
0.1534
-0.1508
-0.1482
0.1456
0.143
0.1404
0.1378
-0.1352
-0.1326
0.13
0.1274
0.1248
0.1222
0.1248
-0.1222
-0.1196
0.117
0.1144
0.1118
0.1144
0.117
0.1196
0.1222
0.1248
0.1274
0.13
0.1326
-0.1352
-0.1326
0.1352
0.1378
-0.1352
-0.1326
-0.13
0.1274
0.1248
0.1222
-0.1196
-0.117
0.1144
0.1118
0.1092
0.1066
0.1092
0.1118
0.1144
0.117
-0.1144
-0.1118
0.1092
0.1066
0.1092
0.1118
0.1144
-0.1118
-0.1092
0.1066
0.104
0.1066
-0.104
-0.1014
-0.0988
0.0962
0.0936
0.091
0.0884
0.091
-0.0884
-0.0858
0.0832
0.0806
0.078
0.0806
0.0832
0.0858
-0.0832
-0.0806
-0.078
0.0754
0.0728
0.0702
0.0676
0.0702
0.0728
-0.0702
-0.0676
0.065
0.0624
0.065
-0.0624
-0.0598
0.0572
0.0546
0.052
0.0546
0.0572
-0.0546
-0.052
0.0494
0.0468
0.0442
0.0468
0.0494
-0.0468
-0.0442
0.0416
0.039
0.0416
0.0442
0.0468
-0.0442
-0.0416
0.039
0.0364
0.039
0.0416
-0.039
-0.0364
0.0338
0.0312
0.0286
0.0312
0.0338
-0.0312
-0.0286
0.026
0.0234
0.026
0.0286
0.0312
-0.0286
-0.026
0.0234
0.0208
0.0234
-0.0208
-0.0182
-0.0156
0.013
0.0104
-0.0078
-0.0052
-0.0026
-3.64292e-17
-0.0
-0.0
-0.0
-0.0026
-0.0052
-0.0078
-0.0104
-0.013
-0.0156
-0.0182
-0.0208
-0.0234
-0.026
-0.0286
-0.0312
-0.0338
-0.0364
-0.039
-0.0416
-0.0442
-0.0468
-0.0494
-0.052
-0.0546
-0.0572
0.0598
0.0624
-0.065
-0.0676
-0.0702
0.0728
0.0702
0.0676
-0.065
-0.0624
-0.0598
0.0572
0.0546
0.052
0.0494
0.0468
0.0442
0.0416
0.039
0.0364
0.039
0.0416
0.0442
-0.0416
-0.039
-0.0364
0.0338
0.0312
0.0286
-0.026
-0.0234
0.0208
0.0182
0.0156
0.013
-0.0104
0.0078
0.0052
0.0078
0.0104
0.013
0.0156
0.0182
0.0208
0.0234
0.026
0.0286
0.0312
0.0338
0.0364
0.039
-0.0416
-0.0442
0.0468
0.0494
0.052
0.0546
0.0572
-0.0598
-0.0572
-0.0546
0.052
0.0494
-0.0468
-0.0442
-0.0416
0.039
0.0364
-0.0338
-0.0312
-0.0286
-0.026
-0.0234
-0.0208
0.0182
0.0156
-0.013
-0.0104
0.0078
0.0052
0.0026
8.67362e-18
0.0
0.0
0.0
0.0
0.0026
0.0052
0.0078
0.0104
-0.013
-0.0104
-0.0078
-0.0052
-0.0026
-0.0
-0.0
-0.0
-0.0
-0.0
-0.0026
-0.0052
-0.0078
-0.0104
-0.013
-0.0156
-0.0182
-0.0208
-0.0234
-0.026
-0.0286
-0.0312
-0.0338
-0.0364
-0.039
-0.0416
-0.0442
-0.0468
-0.0494
-0.052
-0.0546
-0.0572
-0.0598
0.0624
0.065
-0.0676
-0.0702
-0.0728
0.0754
0.0728
0.0702
-0.0676
-0.065
-0.0624
0.0598
0.0572
0.0546
0.052
-0.0494
-0.0468
0.0442
0.0416
0.039
0.0364
0.0338
0.0312
0.0286
0.0312
0.0338
0.0364
-0.0338
-0.0312
0.0286
0.026
0.0286
-0.026
-0.0234
0.0208
0.0182
0.0156
0.0182
0.0208
0.0234
0.026
0.0286
0.0312
0.0338
-0.0364
-0.0338
0.0364
0.039
0.0416
-0.039
-0.0364
-0.0338
0.0312
0.0286
0.026
0.0234
-0.0208
-0.0182
-0.0156
0.013
0.0104
0.0078
-0.0052
-0.0026
-8.67362e-18
-0.0
-0.0
-0.0
-0.0
-0.0
-0.0026
-0.0052
-0.0078
-0.0104
-0.013
-0.0156
-0.0182
-0.0208
-0.0234
-0.026
-0.0286
-0.0312
-0.0338
-0.0364
-0.039
-0.0416
-0.0442
-0.0468
-0.0494
-0.052
-0.0546
-0.0572
-0.0598
-0.0624
0.065
0.0676
-0.0702
-0.0728
-0.0754
0.078
0.0754
0.0728
-0.0702
-0.0676
-0.065
0.0624
0.0598
0.0572
0.0546
-0.052
-0.0494
0.0468
0.0442
0.0416
-0.039
-0.0364
-0.0338
0.0312
0.0286
0.026
0.0234
0.0208
0.0182
0.0156
0.0182
0.0208
0.0234
0.026
0.0286
0.0312
0.0338
0.0364
0.039
0.0416
0.0442
-0.0468
-0.0494
0.052
0.0546
0.0572
0.0598
-0.0624
-0.0598
0.0572
0.0598
0.0624
-0.0598
-0.0572
-0.0546
0.052
0.0494
-0.0468
-0.0442
-0.0416
0.039
0.0364
0.0338
-0.0312
-0.0286
0.026
0.0234
0.0208
0.0182
0.0156
0.0182
0.0208
0.0234
0.026
-0.0234
-0.0208
-0.0182
0.0156
0.013
0.0104
-0.0078
-0.0052
-0.0026
-8.67362e-18
-0.0
-0.0
-0.0
-0.0
-0.0026
-0.0052
-0.0078
-0.0104
-0.013
-0.0156
-0.0182
-0.0208
-0.0234
-0.026
-0.0286
-0.0312
-0.0338
-0.0364
-0.039
-0.0416
-0.0442
-0.0468
-0.0494
-0.052
-0.0546
-0.0572
-0.0598
0.0624
0.065
-0.0676
-0.0702
-0.0728
0.0754
0.0728
0.0702
-0.0676
-0.065
-0.0624
0.0598
0.0572
0.0546
0.052
-0.0494
-0.0468
0.0442
0.0416
0.039
0.0364
-0.0338
-0.0312
0.0286
0.026
0.0234
0.0208
-0.0182
-0.0156
0.013
0.0104
0.0078
0.0052
0.0078
0.0104
0.013
0.0156
0.0182
0.0208
0.0234
0.026
0.0286
0.0312
-0.0338
-0.0312
0.0338
0.0364
0.039
0.0416
-0.0442
-0.0416
0.039
0.0416
0.0442
0.0468
-0.0442
-0.0416
-0.039
0.0364
0.0338
0.0312
-0.0286
-0.026
-0.0234
-0.0208
0.0182
0.0156
-0.013
-0.0104
-0.0078
-0.0052
-0.0026
-8.67362e-18
-0.0026
-0.0052
-0.0078
-0.0104
-0.013
-0.0156
-0.0182
-0.0208
-0.0234
-0.026
-0.0286
-0.0312
-0.0338
-0.0364
-0.039
-0.0416
-0.0442
-0.0468
-0.0494
-0.052
-0.0546
0.0572
0.0598
-0.0624
-0.065
-0.0676
-0.0702
0.0728
0.0702
-0.0676
-0.0702
-0.0728
0.0702
0.0676
0.065
-0.0624
-0.0598
-0.0572
0.0546
0.052
0.0494
0.0468
-0.0442
-0.0416
0.039
0.0364
0.0338
0.0312
0.0286
0.026
0.0286
0.0312
0.0338
0.0364
0.039
0.0416
-0.0442
-0.0416
-0.039
0.0364
0.0338
0.0312
0.0338
0.0364
-0.0338
-0.0312
0.0286
0.026
0.0286
0.0312
0.0338
0.0364
-0.0338
-0.0312
0.0286
0.026
0.0286
0.0312
0.0338
0.0364
0.039
-0.0416
-0.039
0.0364
0.039
0.0416
-0.039
-0.0364
-0.0338
0.0312
0.0286
-0.026
-0.0234
-0.0208
0.0182
0.0156
0.013
-0.0104
-0.0078
-0.0052
-0.0026
8.67362e-18
-0.0
-0.0
-0.0
-0.0
-0.0026
-0.0052
-0.0078
-0.0104
-0.013
-0.0156
-0.0182
-0.0208
-0.0234
-0.026
-0.0286
-0.0312
-0.0338
-0.0364
-0.039
-0.0416
-0.0442
-0.0468
-0.0494
-0.052
-0.0546
-0.0572
0.0598
0.0624
-0.065
-0.0676
-0.0702
0.0728
0.0702
-0.0676
-0.0702
0.0676
0.065
-0.0624
-0.0598
-0.0572
0.0546
0.052
0.0494
0.0468
0.0442
0.0416
0.039
0.0364
0.0338
0.0364
0.039
0.0416
0.0442
-0.0468
-0.0442
0.0416
0.0442
0.0468
-0.0442
-0.0416
-0.039
0.0364
0.0338
0.0312
0.0286
0.0312
-0.0286
-0.026
0.0234
0.0208
0.0182
0.0208
0.0234
0.026
0.0286
0.0312
0.0338
0.0364
-0.039
-0.0364
0.0338
0.0364
0.039
-0.0364
-0.0338
-0.0312
0.0286
0.026
0.0234
-0.0208
-0.0182
-0.0156
-0.013
0.0104
0.0078
-0.0052
-0.0026
-8.67362e-18
-0.0
-0.0
-0.0
-0.0026
0.0
0.0
0.0
0.0
0.0
0.0
0.0
0.0
-0.0
-0.0
-0.0
-0.0
-0.0
-0.0
-0.0
-0.0
-0.0026
-0.0052
-0.0078
-0.0104
-0.013
-0.0156
-0.0182
-0.0208
-0.0234
-0.026
-0.0286
-0.0312
-0.0338
-0.0364
-0.039
-0.0416
-0.0442
-0.0468
-0.0494
-0.052
-0.0546
-0.0572
-0.0598
-0.0624
0.065
0.0676
-0.0702
-0.0728
-0.0754
0.078
0.0754
0.0728
-0.0702
-0.0676
-0.065
0.0624
0.0598
0.0572
0.0546
-0.052
-0.0494
0.0468
0.0442
0.0416
0.039
-0.0364
-0.0338
0.0312
0.0286
0.026
0.0234
0.0208
0.0234
0.026
0.0286
0.0312
0.0338
0.0364
0.039
0.0416
-0.0442
-0.0416
0.0442
0.0468
0.0494
0.052
-0.0546
-0.052
0.0494
0.0468
0.0494
0.052
-0.0494
-0.0468
0.0442
0.0416
0.0442
0.0468
0.0494
-0.0468
-0.0442
0.0416
0.039
0.0416
-0.039
-0.0364
-0.0338
0.0312
0.0286
-0.026
-0.0234
-0.0208
0.0182
0.0156
0.013
-0.0104
-0.0078
0.0052
0.0026
8.67362e-18
0.0
0.0
0.0026
0.0052
0.0078
-0.0052
-0.0026
-0.0
-0.0
-0.0
-0.0
-0.0
-0.0
-0.0
-0.0026
-0.0052
-0.0078
-0.0104
-0.013
-0.0156
-0.0182
-0.0208
-0.0234
-0.026
-0.0286
-0.0312
-0.0338
-0.0364
-0.039
-0.0416
-0.0442
-0.0468
-0.0494
-0.052
-0.0546
-0.0572
-0.0598
-0.0624
0.065
0.0676
-0.0702
-0.0728
0.0754
0.0728
0.0702
-0.0676
-0.065
-0.0624
0.0598
0.0572
-0.0546
-0.052
-0.0494
0.0468
0.0442
-0.0416
-0.039
0.0364
0.0338
0.0312
0.0286
0.026
0.0234
0.0208
0.0182
0.0208
0.0234
0.026
0.0286
0.0312
0.0338
0.0364
0.039
0.0416
-0.0442
-0.0416
0.0442
0.0468
0.0494
-0.0468
-0.0442
-0.0416
0.039
0.0364
0.0338
0.0312
-0.0286
-0.026
0.0234
0.0208
0.0182
0.0208
0.0234
0.026
-0.0234
-0.0208
0.0182
0.0156
0.0182
-0.0156
-0.013
-0.0104
0.0078
0.0052
-0.0026
-8.67362e-18
-0.0
-0.0
-0.0
-0.0
-0.0
-0.0026
-0.0052
-0.0078
-0.0104
-0.013
-0.0156
-0.0182
-0.0208
-0.0234
-0.026
-0.0286
-0.0312
-0.0338
-0.0364
-0.039
-0.0416
-0.0442
-0.0468
-0.0494
-0.052
-0.0546
-0.0572
-0.0598
-0.0624
-0.065
-0.0676
0.0702
0.0728
-0.0754
-0.078
-0.0806
0.0832
0.0806
0.078
0.0754
-0.0728
-0.0702
-0.0676
0.065
0.0624
0.0598
-0.0572
-0.0546
0.052
0.0494
0.0468
0.0442
-0.0416
-0.039
0.0364
0.0338
0.0312
0.0286
0.026
0.0286
0.0312
0.0338
0.0364
0.039
-0.0416
-0.039
-0.0364
-0.0338
-0.0312
0.0286
0.026
0.0234
0.0208
0.0182
0.0208
-0.0182
-0.0156
0.013
0.0104
0.0078
0.0104
0.013
0.0156
0.0182
0.0208
0.0234
0.026
0.0286
0.0312
-0.0338
-0.0312
0.0338
0.0364
0.039
-0.0364
-0.0338
0.0312
0.0286
0.0312
-0.0286
-0.026
-0.0234
0.0208
0.0182
0.0156
-0.013
-0.0104
-0.0078
-0.0052
0.0026
-8.67362e-18
-0.0
-0.0
-0.0
-0.0
-0.0026
-0.0052
-0.0078
-0.0104
-0.013
-0.0156
-0.0182
-0.0208
-0.0234
-0.026
-0.0286
-0.0312
-0.0338
-0.0364
-0.039
-0.0416
-0.0442
-0.0468
-0.0494
-0.052
-0.0546
-0.0572
-0.0598
0.0624
0.065
-0.0676
-0.0702
-0.0728
0.0754
0.0728
-0.0702
-0.0728
-0.0754
0.0728
0.0702
-0.0676
-0.065
-0.0624
0.0598
0.0572
0.0546
-0.052
-0.0494
0.0468
0.0442
-0.0416
-0.039
0.0364
0.0338
0.0312
0.0286
0.026
0.0234
0.0208
0.0234
0.026
0.0286
0.0312
0.0338
0.0364
-0.039
-0.0364
-0.0338
0.0312
0.0286
0.026
-0.0234
-0.0208
-0.0182
-0.0156
-0.013
-0.0104
-0.0078
-0.0052
-0.0026
-0.0052
-0.0078
-0.0104
-0.013
-0.0156
-0.0182
-0.0208
-0.0234
-0.026
-0.0286
-0.0312
-0.0338
-0.0364
-0.039
-0.0416
0.0442
0.0468
0.0442
-0.0416
-0.0442
-0.0468
-0.0494
0.0468
0.0442
0.0416
0.039
-0.0364
0.0338
-0.0312
0.0286
-0.026
0.0234
0.0208
0.0182
-0.0156
-0.013
0.0104
0.0078
0.0052
0.0026
8.67362e-18
0.0
0.0026
0.0052
0.0078
0.0104
0.013
0.0156
0.0182
0.0208
0.0234
0.026
0.0286
0.0312
0.0338
0.0364
0.039
-0.0416
-0.0442
0.0468
0.0494
0.052
0.0546
0.0572
0.0598
-0.0624
-0.0598
0.0624
0.065
0.0676
0.0702
0.0728
-0.0754
-0.0728
-0.0702
0.0676
0.065
0.0624
0.065
0.0676
-0.065
-0.0624
0.0598
0.0572
0.0546
-0.052
-0.0494
0.0468
0.0442
0.0416
-0.039
-0.0364
-0.0338
-0.0312
0.0286
0.026
-0.0234
-0.0208
-0.0182
0.0156
0.013
0.0104
0.0078
0.0052
0.0026
8.67362e-18
0.0026
0.0052
0.0078
0.0104
0.013
0.0156
0.0182
0.0208
-0.0234
-0.0208
-0.0182
-0.0156
-0.013
-0.0104
-0.0078
-0.0052
-0.0026
-8.67362e-18
-0.0
-0.0026
-0.0052
-0.0078
-0.0104
-0.013
-0.0156
-0.0182
-0.0208
-0.0234
-0.026
-0.0286
-0.0312
-0.0338
-0.0364
-0.039
-0.0416
-0.0442
-0.0468
-0.0494
-0.052
-0.0546
-0.0572
-0.0598
-0.0624
0.065
0.0676
-0.0702
-0.0728
-0.0754
0.078
0.0754
0.0728
-0.0702
-0.0676
-0.065
0.0624
0.0598
0.0572
0.0546
-0.052
-0.0494
0.0468
0.0442
0.0416
-0.039
-0.0364
0.0338
0.0312
0.0286
-0.026
-0.0234
0.0208
0.0182
0.0156
0.013
0.0104
0.013
0.0156
0.0182
0.0208
0.0234
0.026
0.0286
0.0312
0.0338
0.0364
0.039
-0.0416
-0.0442
0.0468
0.0494
0.052
-0.0494
-0.0468
0.0442
0.0416
0.0442
-0.0416
-0.039
-0.0364
0.0338
0.0312
-0.0286
-0.026
-0.0234
-0.0208
-0.0182
-0.0156
-0.013
-0.0156
-0.0182
-0.0208
-0.0234
-0.026
-0.0286
-0.0312
-0.0338
-0.0364
-0.039
-0.0416
-0.0442
0.0468
-0.0494
-0.052
-0.0546
0.0572
0.0546
-0.0572
-0.0598
-0.0624
0.0598
0.0572
-0.0546
-0.052
-0.0546
-0.0572
0.0546
0.052
-0.0494
-0.0468
-0.0442
0.0416
0.039
-0.0364
-0.0338
-0.0312
-0.0338
-0.0364
0.0338
0.0312
-0.0286
-0.026
-0.0234
0.0208
0.0182
-0.0156
-0.013
-0.0104
0.0078
0.0052
0.0026
-8.67362e-18
0.0
0.0
0.0
0.0
0.0
0.0
0.0026
0.0052
0.0078
0.0104
0.013
0.0156
0.0182
0.0208
0.0234
0.026
0.0286
0.0312
0.0338
0.0364
0.039
0.0416
0.0442
0.0468
0.0494
0.052
0.0546
-0.0572
-0.0598
0.0624
0.065
0.0676
0.0702
0.0728
-0.0754
-0.0728
0.0754
0.078
0.0806
-0.078
-0.0754
-0.0728
0.0702
0.0676
0.065
-0.0624
-0.0598
-0.0572
-0.0546
0.052
0.0494
-0.0468
-0.0442
-0.0416
0.039
0.0364
0.0338
-0.0312
-0.0286
0.026
0.0234
0.0208
0.0182
0.0156
0.013
-0.0104
-0.0078
-0.0052
-0.0026
-8.67362e-18
-0.0
-0.0
-0.0
-0.0
-0.0026
-0.0052
-0.0078
-0.0104
-0.013
-0.0156
-0.0182
-0.0208
-0.0234
-0.026
-0.0286
-0.0312
0.0338
0.0364
-0.039
-0.0416
-0.0442
-0.0468
-0.0494
-0.052
-0.0546
0.0572
0.0546
-0.0572
-0.0598
-0.0624
-0.065
-0.0676
0.0702
0.0676
-0.065
-0.0676
-0.0702
-0.0728
0.0702
0.0676
0.065
-0.0624
-0.0598
-0.0572
0.0546
0.052
0.0494
-0.0468
-0.0442
0.0416
0.039
0.0364
0.0338
-0.0312
-0.0286
0.026
0.0234
0.0208
0.0182
0.0156
0.0182
0.0208
0.0234
0.026
0.0286
0.0312
0.0338
0.0364
0.039
0.0416
0.0442
0.0468
-0.0494
-0.052
0.0546
0.0572
0.0598
-0.0624
-0.0598
0.0572
0.0546
0.0572
-0.0546
-0.052
0.0494
0.0468
-0.0442
-0.0416
0.039
0.0364
0.0338
-0.0312
-0.0286
0.026
0.0234
0.0208
0.0182
0.0208
-0.0182
-0.0156
0.013
0.0104
0.0078
0.0104
0.013
0.0156
-0.013
-0.0104
0.0078
0.0052
0.0078
-0.0052
-0.0026
-8.67362e-18
-0.0
-0.0
-0.0
-0.0
-0.0
-0.0
-0.0026
-0.0052
-0.0078
-0.0104
-0.013
-0.0156
-0.0182
-0.0208
-0.0234
-0.026
-0.0286
-0.0312
-0.0338
-0.0364
-0.039
-0.0416
-0.0442
-0.0468
-0.0494
-0.052
-0.0546
-0.0572
-0.0598
-0.0624
0.065
0.0676
-0.0702
-0.0728
-0.0754
0.078
0.0754
0.0728
-0.0702
-0.0676
-0.065
0.0624
0.0598
0.0572
-0.0546
-0.052
0.0494
0.0468
0.0442
0.0416
0.039
-0.0364
-0.0338
0.0312
0.0286
0.026
0.0234
0.0208
0.0234
0.026
0.0286
-0.026
-0.0234
0.0208
0.0182
0.0208
0.0234
0.026
0.0286
0.0312
-0.0338
-0.0312
0.0286
0.0312
0.0338
0.0364
-0.0338
-0.0312
-0.0286
0.026
0.0234
0.0208
0.0182
-0.0156
-0.013
0.0104
0.0078
0.0052
-0.0026
-8.67362e-18
-0.0
-0.0
-0.0
-0.0
-0.0
-0.0
-0.0026
-0.0052
-0.0078
-0.0104
-0.013
0.0156
-0.0182
-0.0208
-0.0234
-0.026
-0.0286
-0.0312
-0.0338
-0.0364
-0.039
-0.0416
-0.0442
-0.0468
-0.0494
-0.052
-0.0546
-0.0572
-0.0598
-0.0624
0.065
0.0676
-0.0702
-0.0728
-0.0754
0.078
0.0754
-0.0728
-0.0754
-0.078
0.0754
0.0728
0.0702
-0.0676
-0.065
-0.0624
0.0598
0.0572
0.0546
0.052
-0.0494
-0.0468
0.0442
0.0416
0.039
-0.0364
-0.0338
0.0312
0.0286
0.026
-0.0234
-0.0208
0.0182
0.0156
0.013
0.0104
0.0078
0.0104
0.013
0.0156
0.0182
0.0208
0.0234
0.026
0.0286
0.0312
0.0338
0.0364
0.039
0.0416
0.0442
-0.0468
-0.0494
0.052
0.0546
-0.052
-0.0494
0.0468
0.0442
0.0468
-0.0442
-0.0416
0.039
0.0364
-0.0338
-0.0312
-0.0286
-0.026
-0.0234
-0.0208
-0.0182
-0.0156
-0.0182
-0.0208
-0.0234
-0.026
-0.0286
-0.0312
-0.0338
0.0364
0.0338
0.0312
-0.0286
-0.026
-0.0286
0.026
0.0234
0.0208
-0.0182
-0.0156
-0.013
0.0104
0.0078
-0.0052
-0.0026
-8.67362e-18
-0.0
-0.0
-0.0026
-0.0052
-0.0078
-0.0104
-0.013
-0.0156
-0.0182
-0.0208
-0.0234
-0.026
-0.0286
-0.0312
-0.0338
-0.0364
-0.039
-0.0416
-0.0442
0.0468
0.0494
-0.052
-0.0546
-0.0572
0.0598
0.0572
0.0546
-0.052
-0.0494
0.0468
0.0442
0.0416
0.039
-0.0364
-0.0338
0.0312
0.0286
0.026
0.0234
-0.0208
-0.0182
0.0156
0.013
0.0104
0.0078
0.0052
0.0078
0.0104
0.013
0.0156
0.0182
0.0208
0.0234
0.026
0.0286
0.0312
0.0338
0.0364
0.039
0.0416
0.0442
-0.0468
-0.0494
0.052
0.0546
0.0572
0.0598
0.0624
-0.065
-0.0624
0.065
0.0676
0.0702
-0.0676
-0.065
-0.0624
0.0598
0.0572
0.0546
-0.052
-0.0494
0.0468
0.0442
0.0416
-0.039
-0.0364
-0.0338
0.0312
0.0286
0.026
-0.0234
-0.0208
-0.0182
0.0156
0.013
-0.0104
-0.0078
-0.0052
-0.0026
-8.67362e-18
-0.0
-0.0026
-0.0052
-0.0078
-0.0104
-0.013
-0.0156
-0.0182
-0.0208
-0.0234
-0.026
-0.0286
-0.0312
-0.0338
-0.0364
-0.039
-0.0416
-0.0442
-0.0468
-0.0494
-0.052
-0.0546
-0.0572
-0.0598
-0.0624
0.065
0.0676
-0.0702
-0.0728
-0.0754
0.078
0.0754
0.0728
-0.0702
-0.0676
-0.065
0.0624
0.0598
0.0572
0.0546
-0.052
-0.0494
0.0468
0.0442
0.0416
0.039
0.0364
-0.0338
-0.0312
0.0286
0.026
0.0234
0.0208
0.0182
0.0208
0.0234
0.026
0.0286
0.0312
0.0338
0.0364
0.039
0.0416
0.0442
-0.0468
-0.0494
-0.0468
0.0442
0.0416
0.0442
-0.0416
-0.039
0.0364
0.0338
0.0312
0.0338
0.0364
-0.0338
-0.0312
0.0286
0.026
0.0234
0.026
0.0286
-0.026
-0.0234
0.0208
0.0182
0.0208
0.0234
-0.0208
-0.0182
-0.0156
-0.013
0.0104
-0.0078
-0.0052
-0.0026
-8.67362e-18
-0.0
-0.0
-0.0026
-0.0052
-0.0078
-0.0104
0.013
0.0104
-0.0078
-0.0052
-0.0078
-0.0104
-0.013
-0.0156
-0.0182
-0.0208
-0.0234
-0.026
-0.0286
-0.0312
-0.0338
-0.0364
-0.039
-0.0416
-0.0442
-0.0468
-0.0494
-0.052
-0.0546
-0.0572
0.0598
0.0624
-0.065
-0.0676
-0.0702
0.0728
0.0702
0.0676
-0.065
-0.0624
-0.0598
0.0572
0.0546
-0.052
-0.0494
-0.0468
0.0442
0.0416
-0.039
-0.0364
0.0338
0.0312
0.0286
0.026
0.0234
0.0208
0.0182
0.0156
0.0182
0.0208
0.0234
0.026
0.0286
0.0312
0.0338
0.0364
0.039
0.0416
0.0442
-0.0468
-0.0494
0.052
0.0546
0.0572
0.0598
-0.0624
-0.0598
0.0572
0.0598
0.0624
0.065
-0.0624
-0.0598
0.0572
0.0546
0.0572
0.0598
-0.0572
-0.0546
0.052
0.0494
0.0468
-0.0442
-0.0416
-0.039
0.0364
0.0338
0.0312
-0.0286
-0.026
-0.0234
-0.0208
-0.0182
-0.0156
-0.013
-0.0104
-0.013
-0.0156
-0.0182
-0.0208
-0.0234
-0.026
-0.0286
-0.0312
-0.0338
-0.0364
-0.039
-0.0416
-0.0442
-0.0468
-0.0494
-0.052
-0.0546
-0.0572
0.0598
0.0624
-0.065
-0.0676
-0.0702
0.0728
0.0702
0.0676
-0.065
-0.0624
0.0598
0.0572
0.0546
0.052
0.0494
-0.0468
-0.0442
-0.0416
-0.039
-0.0364
0.0338
0.0312
0.0286
0.026
0.0234
0.0208
0.0182
0.0156
0.0182
0.0208
0.0234
0.026
0.0286
0.0312
0.0338
0.0364
0.039
0.0416
0.0442
0.0468
-0.0494
-0.052
-0.0494
-0.0468
0.0442
0.0416
0.039
0.0416
0.0442
0.0468
0.0494
-0.052
-0.0494
-0.0468
0.0442
0.0416
0.039
0.0416
0.0442
0.0468
0.0494
0.052
-0.0546
-0.052
-0.0494
0.0468
0.0442
0.0416
0.0442
0.0468
0.0494
-0.0468
-0.0442
0.0416
0.039
0.0416
-0.039
-0.0364
-0.0338
-0.0312
-0.0286
-0.026
-0.0234
-0.0208
0.0182
0.0156
0.013
-0.0104
-0.0078
-0.0052
-0.0026
-8.67362e-18
-0.0026
-0.0052
-0.0078
-0.0104
-0.013
-0.0156
-0.0182
-0.0208
-0.0234
-0.026
-0.0286
-0.0312
-0.0338
-0.0364
-0.039
-0.0416
-0.0442
-0.0468
-0.0494
-0.052
-0.0546
-0.0572
0.0598
0.0624
-0.065
-0.0676
-0.0702
0.0728
0.0702
-0.0676
-0.0702
-0.0728
0.0702
0.0676
0.065
-0.0624
-0.0598
0.0572
0.0546
0.052
0.0494
-0.0468
-0.0442
0.0416
0.039
0.0364
0.0338
0.0312
0.0286
0.0312
0.0338
0.0364
0.039
-0.0416
-0.039
0.0364
0.0338
0.0364
-0.0338
-0.0312
0.0286
0.026
0.0234
0.026
-0.0234
-0.0208
0.0182
0.0156
0.013
0.0156
0.0182
0.0208
-0.0182
-0.0156
0.013
0.0104
0.013
-0.0104
-0.0078
-0.0052
0.0026
8.67362e-18
0.0
-0.0
-0.0
-0.0
-0.0
-0.0
-0.0
-0.0
-0.0
-0.0026
-0.0052
-0.0078
-0.0104
-0.013
-0.0156
-0.0182
-0.0208
-0.0234
-0.026
-0.0286
-0.0312
-0.0338
-0.0364
-0.039
-0.0416
-0.0442
-0.0468
-0.0494
-0.052
-0.0546
-0.0572
-0.0598
-0.0624
-0.065
-0.0676
0.0702
0.0728
-0.0754
-0.078
-0.0806
0.0832
0.0806
0.078
-0.0754
-0.0728
-0.0702
0.0676
0.065
0.0624
0.0598
0.0572
-0.0546
-0.052
0.0494
0.0468
0.0442
0.0416
-0.039
-0.0364
0.0338
0.0312
0.0286
0.026
0.0234
-0.0208
0.0182
0.0156
0.0182
0.0208
0.0234
0.026
0.0286
-0.0312
-0.0286
-0.026
0.0234
0.0208
0.0182
0.0208
0.0234
0.026
-0.0234
-0.0208
0.0182
0.0156
0.0182
0.0208
0.0234
0.026
-0.0286
-0.026
0.0234
0.0208
0.0234
-0.0208
-0.0182
-0.0156
-0.013
-0.0104
-0.0078
-0.0052
-0.0026
-8.67362e-18
-0.0026
-0.0052
-0.0078
-0.0104
0.013
0.0104
-0.0078
-0.0052
-0.0078
0.0052
0.0026
-8.67362e-18
-0.0
-0.0
-0.0026
-0.0052
-0.0078
-0.0104
-0.013
-0.0156
-0.0182
-0.0208
-0.0234
-0.026
-0.0286
-0.0312
-0.0338
-0.0364
-0.039
-0.0416
-0.0442
-0.0468
-0.0494
-0.052
0.0546
0.0572
-0.0598
-0.0624
-0.065
0.0676
0.065
0.0624
-0.0598
-0.0572
0.0546
0.052
0.0494
0.0468
-0.0442
-0.0416
0.039
0.0364
0.0338
0.0312
0.0286
0.026
-0.0234
0.0208
0.0182
0.0208
0.0234
0.026
0.0286
0.0312
0.0338
0.0364
0.039
0.0416
-0.0442
-0.0416
0.0442
0.0468
0.0494
0.052
-0.0546
-0.052
0.0494
0.0468
0.0494
-0.0468
-0.0442
-0.0416
0.039
0.0364
0.0338
-0.0312
-0.0286
0.026
0.0234
0.0208
-0.0182
-0.0156
0.013
0.0104
0.0078
0.0052
-0.0026
-8.67362e-18
-0.0
-0.0
-0.0
-0.0
-0.0
-0.0
-0.0026
-0.0052
-0.0078
-0.0104
-0.013
-0.0156
-0.0182
-0.0208
-0.0234
-0.026
-0.0286
-0.0312
-0.0338
-0.0364
-0.039
-0.0416
-0.0442
-0.0468
-0.0494
-0.052
-0.0546
-0.0572
-0.0598
0.0624
0.065
-0.0676
-0.0702
-0.0728
-0.0754
0.078
0.0754
0.0728
-0.0702
-0.0676
-0.0702
0.0676
0.065
0.0624
0.0598
-0.0572
-0.0546
0.052
0.0494
0.0468
0.0442
0.0416
-0.039
-0.0364
0.0338
0.0312
0.0286
0.026
0.0234
0.026
0.0286
0.0312
0.0338
-0.0364
-0.0338
0.0312
0.0338
0.0364
0.039
0.0416
-0.039
-0.0364
0.0338
0.0312
0.0338
0.0364
-0.0338
-0.0312
0.0286
0.026
0.0234
0.026
0.0286
0.0312
0.0338
0.0364
-0.039
-0.0364
-0.0338
0.0312
0.0286
0.026
-0.0234
-0.0208
-0.0182
0.0156
0.013
-0.0104
-0.0078
-0.0052
-0.0026
-8.67362e-18
-0.0
-0.0
-0.0026
-0.0052
-0.0078
-0.0104
-0.013
-0.0156
-0.0182
-0.0208
-0.0234
-0.026
-0.0286
-0.0312
-0.0338
-0.0364
-0.039
-0.0416
-0.0442
-0.0468
-0.0494
-0.052
-0.0546
0.0572
0.0598
-0.0624
-0.065
-0.0676
-0.0702
0.0728
0.0702
-0.0676
-0.0702
-0.0728
0.0702
0.0676
0.065
-0.0624
-0.0598
-0.0572
0.0546
0.052
0.0494
-0.0468
-0.0442
-0.0416
0.039
0.0364
0.0338
-0.0312
-0.0286
-0.026
0.0234
0.0208
0.0182
0.0156
-0.013
-0.0104
0.0078
0.0052
0.0026
8.67362e-18
0.0
0.0026
0.0052
0.0078
0.0104
0.013
0.0156
0.0182
0.0208
0.0234
0.026
0.0286
0.0312
0.0338
0.0364
-0.039
-0.0416
0.0442
0.0468
0.0494
0.052
0.0546
-0.0572
-0.0546
0.052
0.0546
0.0572
0.0598
0.0624
-0.065
-0.0624
0.0598
0.0624
0.065
0.0676
-0.065
-0.0624
-0.0598
0.0572
0.0546
-0.052
-0.0494
-0.0468
-0.0442
-0.0416
0.039
0.0364
-0.0338
-0.0312
-0.0286
-0.026
0.0234
0.0208
-0.0182
-0.0156
-0.013
-0.0104
-0.013
-0.0156
-0.0182
-0.0208
-0.0234
-0.026
-0.0286
-0.0312
-0.0338
-0.0364
-0.039
-0.0416
-0.0442
-0.0468
-0.0494
-0.052
-0.0546
-0.0572
0.0598
0.0624
-0.065
-0.0676
-0.0702
0.0728
0.0702
0.0676
-0.065
-0.0624
0.0598
0.0572
0.0546
0.052
-0.0494
-0.0468
0.0442
0.0416
0.039
0.0364
0.0338
-0.0312
-0.0286
0.026
0.0234
0.0208
0.0182
0.0208
0.0234
0.026
0.0286
0.0312
0.0338
0.0364
-0.039
-0.0364
0.0338
0.0364
0.039
-0.0364
-0.0338
0.0312
0.0286
0.0312
0.0338
-0.0312
-0.0286
0.026
0.0234
0.0208
0.0234
-0.0208
-0.0182
0.0156
0.013
-0.0104
-0.0078
-0.0052
-0.0026
-8.67362e-18
-0.0
-0.0
-0.0
-0.0026
-0.0052
-0.0078
-0.0104
0.013
0.0104
0.0078
-0.0052
-0.0026
0.0
0.0
0.0
0.0
0.0
0.0
0.0
0.0
0.0026
0.0052
-0.0026
-0.0
-0.0
-0.0
-0.0
-0.0
-0.0
-0.0
-0.0
-0.0026
-0.0052
-0.0078
-0.0104
-0.013
-0.0156
-0.0182
-0.0208
-0.0234
-0.026
-0.0286
-0.0312
-0.0338
-0.0364
-0.039
-0.0416
-0.0442
-0.0468
-0.0494
-0.052
-0.0546
-0.0572
-0.0598
0.0624
0.065
-0.0676
-0.0702
-0.0728
0.0754
0.0728
0.0702
-0.0676
-0.065
-0.0624
0.0598
0.0572
0.0546
0.052
-0.0494
-0.0468
-0.0442
0.0416
0.039
0.0364
0.0338
-0.0312
-0.0286
0.026
0.0234
0.0208
0.0182
0.0156
0.013
0.0156
0.0182
0.0208
0.0234
0.026
0.0286
0.0312
0.0338
-0.0364
-0.0338
0.0364
0.039
0.0416
0.0442
0.0468
-0.0494
-0.0468
0.0442
0.0468
0.0494
-0.0468
0.0442
0.0468
0.0494
0.052
0.0546
0.0572
-0.0598
-0.0572
-0.0546
-0.052
0.0494
0.0468
0.0442
0.0416
0.0442
0.0468
-0.0442
-0.0416
0.039
0.0364
0.0338
0.0364
-0.0338
-0.0312
-0.0286
-0.026
-0.0234
-0.0208
-0.0182
-0.0156
-0.013
-0.0156
-0.0182
-0.0208
-0.0234
-0.026
-0.0286
-0.0312
-0.0338
-0.0364
-0.039
-0.0416
-0.0442
-0.0468
-0.0494
0.052
0.0546
0.052
-0.0494
-0.052
-0.0546
-0.0572
-0.0598
0.0624
0.0598
-0.0572
-0.0546
-0.0572
0.0546
0.052
-0.0494
-0.0468
-0.0442
0.0416
0.039
-0.0364
-0.0338
0.0312
0.0286
0.026
0.0234
0.0208
0.0182
0.0156
0.013
0.0156
0.0182
0.0208
0.0234
0.026
0.0286
0.0312
0.0338
-0.0364
-0.0338
0.0364
0.039
0.0416
0.0442
-0.0468
-0.0442
0.0416
0.039
0.0416
0.0442
-0.0416
-0.039
0.0364
0.0338
0.0364
0.039
0.0416
-0.039
-0.0364
-0.0338
0.0312
0.0286
0.026
-0.0234
-0.0208
-0.0182
-0.0156
0.013
0.0104
-0.0078
-0.0052
-0.0026
-8.67362e-18
-0.0
-0.0
-0.0026
-0.0052
-0.0078
0.0052
0.0026
0.0
0.0
0.0
0.0
0.0
0.0
0.0
0.0
-0.0
-0.0
-0.0
-0.0
-0.0
-0.0
-0.0
-0.0
-0.0
-0.0026
-0.0052
-0.0078
-0.0104
-0.013
-0.0156
-0.0182
-0.0208
-0.0234
-0.026
-0.0286
-0.0312
-0.0338
-0.0364
-0.039
-0.0416
-0.0442
-0.0468
-0.0494
-0.052
-0.0546
-0.0572
-0.0598
0.0624
0.065
-0.0676
-0.0702
-0.0728
0.0754
0.0728
0.0702
-0.0676
-0.065
-0.0624
0.0598
0.0572
0.0546
0.052
0.0494
-0.0468
-0.0442
0.0416
0.039
0.0364
0.0338
-0.0312
-0.0286
0.026
0.0234
0.0208
0.0182
0.0156
0.0182
0.0208
0.0234
0.026
0.0286
0.0312
0.0338
0.0364
-0.039
-0.0364
0.039
0.0416
0.0442
0.0468
-0.0494
-0.0468
0.0442
0.0416
0.0442
0.0468
-0.0442
-0.0416
0.039
0.0364
0.039
0.0416
-0.039
-0.0364
-0.0338
0.0312
0.0286
0.026
-0.0234
-0.0208
-0.0182
-0.0156
-0.013
-0.0104
-0.0078
-0.0052
-0.0078
-0.0104
-0.013
-0.0156
-0.0182
-0.0208
-0.0234
-0.026
-0.0286
-0.0312
-0.0338
-0.0364
-0.039
-0.0416
-0.0442
-0.0468
0.0494
0.052
-0.0546
-0.0572
-0.0598
-0.0624
0.065
0.0624
-0.0598
-0.0624
-0.065
0.0624
0.0598
0.0572
-0.0546
-0.052
-0.0494
0.0468
0.0442
0.0416
0.039
-0.0364
-0.0338
-0.0312
0.0286
0.026
0.0234
0.0208
-0.0182
-0.0156
0.013
0.0104
0.0078
0.0052
0.0026
0.0052
0.0078
0.0104
0.013
0.0156
0.0182
0.0208
0.0234
0.026
0.0286
0.0312
0.0338
0.0364
0.039
0.0416
0.0442
-0.0468
-0.0494
0.052
0.0546
0.0572
-0.0598
-0.0572
0.0546
0.0572
0.0598
-0.0572
-0.0546
0.052
0.0494
0.0468
-0.0442
-0.0416
0.039
0.0364
-0.0338
-0.0312
-0.0286
-0.026
0.0234
0.0208
0.0182
-0.0156
-0.013
0.0104
0.0078
0.0052
0.0026
8.67362e-18
0.0
0.0026
0.0052
0.0078
0.0104
0.013
-0.0156
-0.013
-0.0104
-0.0078
0.0052
0.0026
0.0
-0.0
-0.0
-0.0
-0.0
-0.0
-0.0
-0.0
-0.0
-0.0026
-0.0052
-0.0078
-0.0104
-0.013
-0.0156
-0.0182
-0.0208
-0.0234
-0.026
-0.0286
-0.0312
-0.0338
-0.0364
-0.039
-0.0416
-0.0442
-0.0468
-0.0494
-0.052
-0.0546
-0.0572
-0.0598
-0.0624
-0.065
-0.0676
-0.0702
-0.0728
0.0754
0.078
-0.0806
-0.0832
-0.0858
0.0884
0.0858
-0.0832
-0.0858
-0.0884
0.0858
0.0832
0.0806
-0.078
-0.0754
-0.0728
-0.0702
0.0676
0.065
0.0624
0.0598
-0.0572
-0.0546
0.052
0.0494
0.0468
-0.0442
-0.0416
0.039
0.0364
0.0338
0.0312
-0.0286
-0.026
0.0234
0.0208
0.0182
0.0156
0.013
0.0156
0.0182
0.0208
0.0234
0.026
0.0286
0.0312
0.0338
-0.0364
-0.0338
0.0364
0.039
0.0416
-0.039
-0.0364
-0.0338
0.0312
0.0286
0.026
-0.0234
-0.0208
-0.0182
0.0156
0.013
0.0104
-0.0078
-0.0052
-0.0026
-8.67362e-18
-0.0
-0.0
-0.0
-0.0
-0.0026
-0.0052
-0.0078
-0.0104
-0.013
-0.0156
-0.0182
0.0208
0.0182
-0.0208
-0.0234
-0.026
0.0234
0.0208
-0.0182
-0.0156
-0.0182
-0.0208
-0.0234
-0.026
-0.0286
-0.0312
-0.0338
-0.0364
-0.039
-0.0416
-0.0442
-0.0468
-0.0494
-0.052
-0.0546
-0.0572
0.0598
0.0624
-0.065
-0.0676
-0.0702
0.0728
0.0702
-0.0676
-0.0702
-0.0728
0.0702
0.0676
0.065
-0.0624
-0.0598
-0.0572
0.0546
0.052
0.0494
0.0468
-0.0442
-0.0416
0.039
0.0364
0.0338
0.0312
0.0286
0.026
0.0286
0.0312
0.0338
0.0364
0.039
-0.0416
-0.039
0.0364
0.039
0.0416
0.0442
0.0468
-0.0442
-0.0416
0.039
0.0364
0.039
0.0416
-0.039
-0.0364
0.0338
0.0312
0.0338
0.0364
0.039
-0.0364
-0.0338
0.0312
0.0286
0.0312
0.0338
-0.0312
-0.0286
0.026
0.0234
0.0208
0.0234
0.026
-0.0234
-0.0208
-0.0182
0.0156
0.013
0.0104
-0.0078
-0.0052
-0.0026
-8.67362e-18
-0.0
-0.0
-0.0
-0.0
-0.0026
-0.0052
-0.0078
-0.0104
-0.013
-0.0156
-0.0182
-0.0208
-0.0234
-0.026
-0.0286
-0.0312
-0.0338
-0.0364
-0.039
-0.0416
-0.0442
-0.0468
-0.0494
-0.052
-0.0546
-0.0572
-0.0598
-0.0624
0.065
0.0676
0.065
-0.0676
-0.0702
-0.0728
-0.0754
-0.078
0.0806
0.078
0.0754
0.0728
0.0702
-0.0676
-0.065
-0.0624
-0.0598
0.0572
0.0546
0.052
0.0494
-0.0468
-0.0442
0.0416
0.039
0.0364
-0.0338
-0.0312
0.0286
0.026
0.0234
0.0208
0.0182
0.0208
0.0234
0.026
0.0286
0.0312
0.0338
0.0364
0.039
-0.0416
-0.039
0.0416
0.0442
0.0468
-0.0442
-0.0416
-0.039
0.0364
0.0338
0.0312
0.0286
0.0312
-0.0286
-0.026
0.0234
0.0208
0.0182
0.0208
0.0234
-0.0208
-0.0182
0.0156
0.013
0.0104
-0.0078
-0.0052
-0.0026
-8.67362e-18
-0.0
-0.0
-0.0
-0.0
-0.0
-0.0026
-0.0052
-0.0078
-0.0104
0.013
0.0104
0.0078
-0.0052
-0.0026
-0.0
0.0
0.0
0.0
0.0
0.0
0.0
0.0
0.0
0.0026
-0.0
-0.0
-0.0
-0.0
-0.0
-0.0
-0.0
-0.0
-0.0
-0.0026
-0.0052
-0.0078
-0.0104
-0.013
-0.0156
-0.0182
-0.0208
-0.0234
-0.026
-0.0286
-0.0312
-0.0338
-0.0364
-0.039
-0.0416
-0.0442
-0.0468
-0.0494
-0.052
-0.0546
-0.0572
-0.0598
-0.0624
0.065
0.0676
-0.0702
-0.0728
0.0754
0.0728
0.0702
-0.0676
-0.065
-0.0624
0.0598
0.0572
0.0546
0.052
-0.0494
-0.0468
0.0442
0.0416
0.039
0.0364
-0.0338
-0.0312
-0.0286
0.026
0.0234
0.0208
0.0182
-0.0156
-0.013
0.0104
0.0078
0.0052
0.0026
8.67362e-18
0.0026
0.0052
0.0078
0.0104
0.013
0.0156
0.0182
0.0208
0.0234
0.026
0.0286
0.0312
0.0338
-0.0364
-0.039
0.0416
0.0442
0.0468
0.0494
-0.052
-0.0494
0.0468
0.0494
0.052
0.0546
-0.052
-0.0494
0.0468
0.0442
0.0468
0.0494
0.052
-0.0494
-0.0468
0.0442
0.0416
-0.039
-0.0364
-0.0338
-0.0312
-0.0286
-0.026
-0.0234
-0.0208
-0.0234
-0.026
-0.0286
-0.0312
-0.0338
-0.0364
-0.039
0.0416
0.039
-0.0364
-0.039
-0.0416
0.039
0.0364
-0.0338
-0.0312
-0.0338
-0.0364
0.0338
0.0312
-0.0286
-0.026
-0.0234
-0.026
-0.0286
-0.0312
-0.0338
-0.0364
-0.039
-0.0416
-0.0442
-0.0468
-0.0494
-0.052
0.0546
0.0572
-0.0598
-0.0624
-0.065
0.0676
0.065
0.0624
-0.0598
-0.0572
-0.0546
0.052
0.0494
0.0468
0.0442
0.0416
0.039
-0.0364
-0.0338
0.0312
0.0286
0.026
0.0234
0.0208
0.0234
0.026
0.0286
0.0312
0.0338
0.0364
0.039
0.0416
0.0442
0.0468
-0.0494
-0.052
0.0546
0.0572
0.0598
0.0624
-0.065
-0.0624
0.0598
0.0624
0.065
0.0676
-0.065
-0.0624
0.0598
0.0572
-0.0546
-0.052
-0.0494
0.0468
0.0442
0.0416
-0.039
-0.0364
-0.0338
0.0312
0.0286
0.026
0.0234
0.0208
-0.0182
-0.0156
-0.013
0.0104
0.0078
0.0052
0.0026
8.67362e-18
-0.0
-0.0
-0.0
-0.0
-0.0
-0.0
-0.0
-0.0
-0.0026
-0.0052
-0.0078
-0.0104
-0.013
-0.0156
0.0182
-0.0208
-0.0234
-0.026
-0.0286
-0.0312
-0.0338
-0.0364
-0.039
-0.0416
-0.0442
-0.0468
-0.0494
-0.052
-0.0546
-0.0572
-0.0598
0.0624
0.065
-0.0676
-0.0702
-0.0728
-0.0754
0.078
0.0754
-0.0728
-0.0754
-0.078
0.0754
0.0728
0.0702
-0.0676
-0.065
-0.0624
0.0598
0.0572
0.0546
-0.052
-0.0494
0.0468
0.0442
0.0416
-0.039
-0.0364
-0.0338
0.0312
0.0286
0.026
-0.0234
-0.0208
-0.0182
0.0156
0.013
0.0104
0.0078
0.0052
0.0026
8.67362e-18
0.0026
0.0052
0.0078
0.0104
0.013
0.0156
0.0182
0.0208
0.0234
0.026
0.0286
0.0312
0.0338
0.0364
0.039
0.0416
-0.0442
-0.0468
0.0494
0.052
0.0546
-0.0572
-0.0546
-0.052
0.0494
0.0468
0.0442
0.0468
0.0494
-0.0468
-0.0442
-0.0416
0.039
0.0364
0.0338
-0.0312
-0.0286
-0.026
-0.0234
-0.0208
-0.0182
0.0156
0.013
-0.0104
-0.0078
-0.0052
-0.0026
8.67362e-18
0.0
0.0
0.0
0.0
0.0
0.0
0.0
0.0026
0.0052
0.0078
0.0104
0.013
-0.0156
-0.013
-0.0104
-0.0078
-0.0052
-0.0026
-0.0
-0.0
-0.0
-0.0
-0.0026
-0.0052
-0.0078
-0.0104
-0.013
-0.0156
-0.0182
-0.0208
-0.0234
-0.026
-0.0286
-0.0312
-0.0338
-0.0364
-0.039
-0.0416
-0.0442
-0.0468
-0.0494
-0.052
-0.0546
-0.0572
-0.0598
-0.0624
-0.065
0.0676
0.0702
-0.0728
-0.0754
-0.078
0.0806
0.078
0.0754
-0.0728
-0.0702
-0.0676
0.065
0.0624
0.0598
-0.0572
-0.0546
0.052
0.0494
0.0468
0.0442
-0.0416
-0.039
0.0364
0.0338
0.0312
0.0286
0.026
-0.0234
-0.0208
0.0182
0.0156
0.013
0.0104
0.013
0.0156
0.0182
0.0208
0.0234
0.026
0.0286
0.0312
0.0338
0.0364
0.039
-0.0416
-0.0442
0.0468
0.0494
0.052
-0.0546
-0.052
0.0494
0.0468
-0.0442
-0.0416
-0.039
0.0364
0.0338
-0.0312
-0.0286
-0.026
0.0234
0.0208
0.0182
0.0156
-0.013
-0.0104
-0.0078
-0.0052
0.0026
8.67362e-18
0.0
0.0
0.0
0.0
0.0
0.0026
0.0052
0.0078
-0.0052
-0.0026
-0.0
-0.0
-0.0
-0.0
-0.0
-0.0
-0.0
-0.0
-0.0026
-0.0052
-0.0078
-0.0104
-0.013
-0.0156
-0.0182
-0.0208
-0.0234
-0.026
-0.0286
-0.0312
-0.0338
-0.0364
-0.039
-0.0416
-0.0442
-0.0468
-0.0494
-0.052
-0.0546
-0.0572
-0.0598
